1.00000000e+00 0.00000000e+00 0.00000000e+00 0.00000000e+00 0.00000000e+00 1.00000000e+00 0.00000000e+00 0.00000000e+00 0.00000000e+00 0.00000000e+00 1.00000000e+00 0.00000000e+00
9.99940544e-01 -2.10673632e-03 1.07004548e-02 5.59827186e-04 2.10235455e-03 9.99997668e-01 4.20730418e-04 1.59992595e-04 -1.07013169e-02 -3.98209260e-04 9.99942660e-01 1.44631118e-02
9.99862476e-01 -4.24275989e-03 1.60358870e-02 1.14261605e-03 4.24472988e-03 9.99990962e-01 -8.88154709e-05 3.39517693e-04 -1.60353663e-02 1.56871253e-04 9.99871412e-01 2.95986814e-02
9.99829799e-01 -7.13179417e-03 1.70176775e-02 1.71090725e-03 7.16123311e-03 9.99972914e-01 -1.66960693e-03 5.31749958e-04 -1.70053105e-02 1.79119042e-03 9.99853790e-01 4.59479869e-02
9.99861433e-01 -8.50561612e-03 1.43103957e-02 2.03943638e-03 8.55581842e-03 9.99957367e-01 -3.45057690e-03 6.43446428e-04 -1.42804372e-02 3.57253618e-03 9.99891637e-01 6.15442268e-02
9.99925208e-01 -1.05185658e-02 6.23671785e-03 2.15523498e-03 1.05504943e-02 9.99931182e-01 -5.10894987e-03 7.42670912e-04 -6.18255054e-03 5.17436860e-03 9.99967494e-01 7.68423117e-02
9.99893555e-01 -1.25178824e-02 -7.49426022e-03 1.86545629e-03 1.24628829e-02 9.99895305e-01 -7.34102831e-03 8.43933665e-04 7.58537027e-03 7.24684741e-03 9.99945002e-01 9.16751401e-02
9.99617785e-01 -1.20776207e-02 -2.48692940e-02 6.33072757e-04 1.18919235e-02 9.99900334e-01 -7.60131236e-03 7.99308787e-04 2.49586225e-02 7.30266360e-03 9.99661861e-01 1.09454932e-01
9.98957592e-01 -8.55524291e-03 -4.48409069e-02 -1.27526046e-03 8.24131462e-03 9.99940241e-01 -7.18113359e-03 7.46349973e-04 4.48996638e-02 6.80409995e-03 9.98968413e-01 1.25379024e-01
9.97822960e-01 -5.94359936e-03 -6.56819799e-02 -3.33548166e-03 5.43230129e-03 9.99953527e-01 -7.96030809e-03 7.32574429e-04 6.57262411e-02 7.58617405e-03 9.97808940e-01 1.40815762e-01
9.96179939e-01 -6.02379626e-03 -8.71169014e-02 -5.70918753e-03 5.34267852e-03 9.99953292e-01 -8.04948764e-03 6.55974122e-04 8.71613228e-02 7.55330060e-03 9.96165664e-01 1.59520657e-01
9.93959513e-01 -7.57448631e-03 -1.09486565e-01 -8.59633088e-03 6.83681666e-03 9.99951308e-01 -7.11137196e-03 5.72946481e-04 1.09535105e-01 6.31987598e-03 9.93962941e-01 1.80111600e-01
9.91353239e-01 -8.71717852e-03 -1.30931117e-01 -1.20333909e-02 7.98692098e-03 9.99949425e-01 -6.10152357e-03 4.88524939e-04 1.30977691e-01 5.00302800e-03 9.91372827e-01 2.01490488e-01
9.88585974e-01 -7.73802743e-03 -1.50459712e-01 -1.61266490e-02 7.01392848e-03 9.99961060e-01 -5.34267185e-03 4.00191218e-04 1.50495203e-01 4.22637570e-03 9.88601879e-01 2.23444739e-01
9.85858095e-01 -6.90484978e-03 -1.67440838e-01 -2.08074764e-02 6.25002539e-03 9.99970577e-01 -4.43745226e-03 3.14424552e-04 1.67466556e-01 3.32818728e-03 9.85872356e-01 2.47209760e-01
9.83217418e-01 -6.25799590e-03 -1.82331189e-01 -2.60989797e-02 5.50091295e-03 9.99973976e-01 -4.65768900e-03 2.27163200e-04 1.82355601e-01 3.57653149e-03 9.83226353e-01 2.73049511e-01
9.80568893e-01 -7.53639685e-03 -1.96031263e-01 -3.17752990e-02 6.56245549e-03 9.99962630e-01 -5.61736275e-03 1.70629959e-04 1.96066292e-01 4.22176309e-03 9.80581777e-01 3.00378935e-01
9.78351509e-01 -1.06836124e-02 -2.06674963e-01 -3.69117211e-02 9.20045226e-03 9.99924492e-01 -8.13612177e-03 2.04360646e-04 2.06746305e-01 6.05848252e-03 9.78376028e-01 3.24738654e-01
9.76555367e-01 -9.98876424e-03 -2.15035308e-01 -4.30484015e-02 8.04179288e-03 9.99918331e-01 -9.92718422e-03 1.23117673e-04 2.15116926e-01 7.96517466e-03 9.76556017e-01 3.51124028e-01
9.74596410e-01 -9.59060724e-03 -2.23763929e-01 -5.01367464e-02 7.21400571e-03 9.99908532e-01 -1.14361113e-02 -8.01546187e-05 2.23853170e-01 9.53135746e-03 9.74576470e-01 3.80575291e-01
9.72441248e-01 -1.04536544e-02 -2.32914552e-01 -5.77209123e-02 7.42531612e-03 9.99876115e-01 -1.38749554e-02 -3.74948243e-04 2.33030774e-01 1.17631134e-02 9.72398406e-01 4.11346293e-01
9.70303424e-01 -1.37089126e-02 -2.41503120e-01 -6.54395997e-02 1.02787024e-02 9.99827655e-01 -1.54577404e-02 -8.07769403e-04 2.41673426e-01 1.25163584e-02 9.70277136e-01 4.42822672e-01
9.67966988e-01 -1.94941253e-02 -2.50320467e-01 -7.34746899e-02 1.57963339e-02 9.99734486e-01 -1.67729931e-02 -1.26910620e-03 2.50581012e-01 1.22815566e-02 9.68017918e-01 4.75325302e-01
9.65487927e-01 -2.00145164e-02 -2.59678480e-01 -8.28899854e-02 1.55980098e-02 9.99696657e-01 -1.90572544e-02 -1.85184105e-03 2.59981168e-01 1.43490803e-02 9.65507243e-01 5.09385037e-01
9.62967192e-01 -1.67862497e-02 -2.69096421e-01 -9.28209307e-02 1.11015629e-02 9.99682190e-01 -2.26330640e-02 -2.54339749e-03 2.69390848e-01 1.88075061e-02 9.62847459e-01 5.42865849e-01
9.60377572e-01 -1.38863211e-02 -2.78356851e-01 -1.03367322e-01 7.16693928e-03 9.99658214e-01 -2.51425755e-02 -3.40768692e-03 2.78610864e-01 2.21513992e-02 9.60148763e-01 5.77255049e-01
9.57634003e-01 -1.55885075e-02 -2.87566641e-01 -1.14540603e-01 8.29196175e-03 9.99612468e-01 -2.65740251e-02 -4.45240236e-03 2.87869477e-01 2.30636985e-02 9.57392044e-01 6.14069241e-01
9.54843259e-01 -1.77292004e-02 -2.96581395e-01 -1.25315439e-01 9.62791321e-03 9.99540203e-01 -2.87540000e-02 -5.43544353e-03 2.96954818e-01 2.46001024e-02 9.54574808e-01 6.48500555e-01
9.52062898e-01 -1.74223547e-02 -3.05406624e-01 -1.37610971e-01 8.32340963e-03 9.99482632e-01 -3.10698298e-02 -6.65190628e-03 3.05789924e-01 2.70384070e-02 9.51715214e-01 6.85905069e-01
9.49176513e-01 -1.68091423e-02 -3.14295942e-01 -1.50540797e-01 6.34984624e-03 9.99392427e-01 -3.42728099e-02 -8.03781159e-03 3.14681078e-01 3.05352135e-02 9.48706403e-01 7.24067601e-01
9.46361377e-01 -1.77420085e-02 -3.22623405e-01 -1.63810152e-01 5.31795231e-03 9.99211332e-01 -3.93502562e-02 -9.62588078e-03 3.23067137e-01 3.55238635e-02 9.45709289e-01 7.62415760e-01
9.44650433e-01 -1.90767858e-02 -3.27524326e-01 -1.76589300e-01 3.88606968e-03 9.98888676e-01 -4.69724183e-02 -1.13625840e-02 3.28056430e-01 4.30997287e-02 9.43674638e-01 7.98714005e-01
9.43517138e-01 -1.98783479e-02 -3.30727610e-01 -1.88904658e-01 1.61279541e-03 9.98462332e-01 -5.54114098e-02 -1.32964383e-02 3.31320558e-01 5.17482152e-02 9.42098296e-01 8.33198410e-01
9.42414960e-01 -1.99522730e-02 -3.33850995e-01 -2.00716917e-01 -1.65556509e-03 9.97928391e-01 -6.43136342e-02 -1.54240377e-02 3.34442607e-01 6.11628372e-02 9.40429501e-01 8.65710947e-01
9.41301161e-01 -1.89940833e-02 -3.37033970e-01 -2.13011905e-01 -6.06829983e-03 9.97302381e-01 -7.31526912e-02 -1.79406729e-02 3.37514248e-01 7.09039328e-02 9.38646449e-01 8.99027930e-01
9.39916212e-01 -1.86784954e-02 -3.40894647e-01 -2.26073090e-01 -9.19374956e-03 9.96755492e-01 -7.99638414e-02 -2.09212654e-02 3.41282202e-01 7.82934096e-02 9.36694708e-01 9.34140781e-01
9.38166638e-01 -1.68370587e-02 -3.45775097e-01 -2.40062063e-01 -1.38756471e-02 9.96185226e-01 -8.61557044e-02 -2.42998528e-02 3.45906610e-01 8.56262588e-02 9.34353895e-01 9.70804352e-01
9.36163309e-01 -1.60362907e-02 -3.51200286e-01 -2.54279324e-01 -1.72865864e-02 9.95651301e-01 -9.15421338e-02 -2.78818838e-02 3.51140967e-01 9.17694332e-02 9.31814841e-01 1.00758652e+00
9.34033956e-01 -1.41103603e-02 -3.56906288e-01 -2.68897639e-01 -2.18101049e-02 9.95102036e-01 -9.64192288e-02 -3.17102477e-02 3.56518611e-01 9.78429848e-02 9.29151136e-01 1.04432261e+00
9.31961631e-01 -1.19709657e-02 -3.62360101e-01 -2.85300019e-01 -2.57085586e-02 9.94757117e-01 -9.89832903e-02 -3.61466511e-02 3.61645160e-01 1.01564370e-01 9.26767515e-01 1.08493838e+00
9.29720936e-01 -1.14452253e-02 -3.68087707e-01 -3.01681288e-01 -2.74180993e-02 9.94591806e-01 -1.00178599e-01 -4.05535878e-02 3.67243512e-01 1.03230396e-01 9.24378842e-01 1.12526667e+00
9.26635073e-01 -1.20656344e-02 -3.75769194e-01 -3.18352755e-01 -2.72434247e-02 9.94702652e-01 -9.91205044e-02 -4.49892204e-02 3.74974486e-01 1.02085766e-01 9.21397419e-01 1.16559603e+00
9.23463695e-01 -1.28294104e-02 -3.83472121e-01 -3.36285235e-01 -2.66502024e-02 9.94882559e-01 -9.74627641e-02 -4.96407228e-02 3.82760007e-01 1.00222924e-01 9.18395766e-01 1.20823636e+00
9.20045451e-01 -1.35180981e-02 -3.91579158e-01 -3.54276784e-01 -2.60826913e-02 9.95074957e-01 -9.56352848e-02 -5.40950352e-02 3.90943292e-01 9.82022439e-02 9.15161343e-01 1.24987705e+00
9.15991460e-01 -1.30763357e-02 -4.00985480e-01 -3.71784288e-01 -2.63259695e-02 9.95355933e-01 -9.25967966e-02 -5.81902630e-02 4.00333973e-01 9.53742012e-02 9.11392962e-01 1.28895210e+00
9.12063295e-01 -1.24208364e-02 -4.09862167e-01 -3.90471758e-01 -2.54683669e-02 9.95895662e-01 -8.68550999e-02 -6.23712611e-02 4.09258645e-01 8.96558617e-02 9.08003227e-01 1.32982001e+00
9.07939157e-01 -1.07551662e-02 -4.18964782e-01 -4.09642195e-01 -2.57968103e-02 9.96341301e-01 -8.14811965e-02 -6.63660206e-02 4.18308113e-01 8.47879224e-02 9.04339539e-01 1.37038250e+00
9.03780304e-01 -8.38323586e-03 -4.27915279e-01 -4.30042913e-01 -2.73209626e-02 9.96639272e-01 -7.72283997e-02 -7.03008538e-02 4.27124477e-01 8.14885627e-02 9.00513687e-01 1.41232233e+00
8.99280284e-01 -6.99135957e-03 -4.37317557e-01 -4.50959775e-01 -2.89668714e-02 9.96725137e-01 -7.55007451e-02 -7.40784503e-02 4.36413153e-01 8.05640544e-02 8.96132540e-01 1.45430757e+00
8.94411133e-01 -6.84294770e-03 -4.47194031e-01 -4.71977758e-01 -2.97461068e-02 9.96759086e-01 -7.47461282e-02 -7.77829818e-02 4.46256071e-01 8.01560489e-02 8.91308669e-01 1.49567574e+00
8.89759850e-01 -7.03389267e-03 -4.56375428e-01 -4.93570647e-01 -2.97431491e-02 9.96862737e-01 -7.33520824e-02 -8.14604756e-02 4.55459480e-01 7.88397797e-02 8.86759020e-01 1.53726672e+00
8.85042385e-01 -6.91003157e-03 -4.65459852e-01 -5.16157568e-01 -2.97400531e-02 9.97008127e-01 -7.13500112e-02 -8.51597411e-02 4.64560174e-01 7.69905827e-02 8.82188702e-01 1.57969753e+00
8.80562134e-01 -8.28109220e-03 -4.73859061e-01 -5.39176075e-01 -2.76343562e-02 9.97249267e-01 -6.87801191e-02 -8.87857268e-02 4.73125063e-01 7.36599544e-02 8.77910887e-01 1.62251164e+00
8.76295625e-01 -8.27429923e-03 -4.81703438e-01 -5.62953544e-01 -2.60952630e-02 9.97569781e-01 -6.46068818e-02 -9.22677505e-02 4.81067257e-01 6.91849013e-02 8.73949885e-01 1.66551742e+00
8.72339806e-01 -7.58396469e-03 -4.88842014e-01 -5.87707412e-01 -2.43378388e-02 9.97966616e-01 -5.89135355e-02 -9.56416496e-02 4.88294685e-01 6.32899727e-02 8.70381196e-01 1.70939065e+00
8.68097523e-01 -7.81170963e-03 -4.96332922e-01 -6.13699003e-01 -2.24690537e-02 9.98233200e-01 -5.50099329e-02 -9.88419403e-02 4.95885594e-01 5.89061135e-02 8.66388047e-01 1.75468468e+00
8.63939968e-01 -8.94942798e-03 -5.03515946e-01 -6.39542067e-01 -2.05367814e-02 9.98384455e-01 -5.29824702e-02 -1.01827433e-01 5.03176544e-01 5.61142677e-02 8.62360258e-01 1.79893125e+00
8.60119016e-01 -9.57477725e-03 -5.10004196e-01 -6.65501988e-01 -1.95794491e-02 9.98467516e-01 -5.17657809e-02 -1.04676055e-01 5.09718128e-01 5.45103299e-02 8.58613282e-01 1.84240331e+00
8.56475874e-01 -9.50096859e-03 -5.16100200e-01 -6.92443935e-01 -1.88321299e-02 9.98590074e-01 -4.96354080e-02 -1.07517514e-01 5.15843948e-01 5.22307952e-02 8.55089268e-01 1.88665589e+00
8.53195791e-01 -1.09509030e-02 -5.21476381e-01 -7.19503722e-01 -1.68673625e-02 9.98677679e-01 -4.85690062e-02 -1.10235371e-01 5.21318501e-01 5.02348069e-02 8.51882711e-01 1.93085972e+00
8.50391829e-01 -1.20461947e-02 -5.26012544e-01 -7.47797937e-01 -1.59917397e-02 9.98684500e-01 -4.87243048e-02 -1.13076924e-01 5.25907351e-01 4.98466117e-02 8.49080315e-01 1.97634363e+00
8.48112045e-01 -1.31788652e-02 -5.29653539e-01 -7.76028114e-01 -1.52161112e-02 9.98672623e-01 -4.92139511e-02 -1.15953345e-01 5.29598881e-01 4.97982159e-02 8.46785583e-01 2.02130184e+00
8.46746811e-01 -1.36810357e-02 -5.31820713e-01 -8.05108585e-01 -1.48970150e-02 9.98667787e-01 -4.94091551e-02 -1.19002022e-01 5.31788021e-01 4.97595900e-02 8.45414759e-01 2.06707189e+00
8.46216016e-01 -1.39577642e-02 -5.32657685e-01 -8.33620706e-01 -1.41420882e-02 9.98716629e-01 -4.86374601e-02 -1.21956366e-01 5.32652784e-01 4.86906943e-02 8.44932459e-01 2.11200190e+00
8.46008649e-01 -1.38701456e-02 -5.32989262e-01 -8.62595625e-01 -1.34810990e-02 9.98785742e-01 -4.73901360e-02 -1.24952144e-01 5.32999208e-01 4.72777517e-02 8.44794222e-01 2.15768699e+00
8.45592692e-01 -1.47859337e-02 -5.33624384e-01 -8.91612732e-01 -1.22839244e-02 9.98812958e-01 -4.71409901e-02 -1.27926736e-01 5.33687828e-01 4.64170825e-02 8.44407117e-01 2.20350259e+00
8.44751057e-01 -1.63468225e-02 -5.34910313e-01 -9.20457311e-01 -1.09714820e-02 9.98794503e-01 -4.78496863e-02 -1.30824829e-01 5.35047553e-01 4.62898350e-02 8.43553185e-01 2.24888505e+00
8.43591639e-01 -1.73303600e-02 -5.36706096e-01 -9.49098009e-01 -1.01919052e-02 9.98782561e-01 -4.82704951e-02 -1.33656187e-01 5.36889094e-01 4.61906483e-02 8.42387765e-01 2.29359212e+00
8.42080923e-01 -1.77518010e-02 -5.39059647e-01 -9.78458506e-01 -8.64411134e-03 9.98885949e-01 -4.63975883e-02 -1.36577094e-01 5.39282587e-01 4.37302187e-02 8.40989099e-01 2.33936379e+00
8.40013146e-01 -1.80091868e-02 -5.42267693e-01 -1.00946148e+00 -6.30074435e-03 9.99058035e-01 -4.29399244e-02 -1.39494503e-01 5.42530071e-01 3.94867949e-02 8.39108206e-01 2.38727741e+00
8.37098054e-01 -1.86350366e-02 -5.46736020e-01 -1.04096869e+00 -3.48119520e-03 9.99218197e-01 -3.93875135e-02 -1.42223488e-01 5.47042430e-01 3.48745099e-02 8.36378523e-01 2.43543960e+00
8.32844549e-01 -1.86659479e-02 -5.53192711e-01 -1.07343824e+00 -2.58418787e-03 9.99289457e-01 -3.76087988e-02 -1.44856721e-01 5.53501500e-01 3.27518439e-02 8.32204326e-01 2.48401924e+00
8.27239844e-01 -2.15109315e-02 -5.61437605e-01 -1.10456095e+00 -1.12781397e-03 9.99201486e-01 -3.99451864e-02 -1.47406531e-01 5.61848405e-01 3.36774526e-02 8.26554815e-01 2.53003678e+00
8.20654375e-01 -2.43453783e-02 -5.70906611e-01 -1.13601270e+00 -2.82725185e-04 9.99074831e-01 -4.30103230e-02 -1.50175899e-01 5.71425374e-01 3.54580244e-02 8.19888068e-01 2.57539467e+00
8.14208549e-01 -2.43612412e-02 -5.80061751e-01 -1.16908608e+00 -4.62971342e-04 9.99091939e-01 -4.26093904e-02 -1.53050468e-01 5.80572903e-01 3.49614870e-02 8.13457717e-01 2.62149174e+00
8.08615760e-01 -2.20362494e-02 -5.87924806e-01 -1.20308258e+00 -2.73367721e-04 9.99284407e-01 -3.78305688e-02 -1.55781200e-01 5.88337571e-01 3.07511229e-02 8.08030872e-01 2.66769457e+00
8.03388068e-01 -1.88625800e-02 -5.95157421e-01 -1.23879158e+00 -1.54286601e-03 9.99429099e-01 -3.37580100e-02 -1.58321749e-01 5.95454261e-01 2.80390425e-02 8.02900099e-01 2.71507661e+00
7.99068123e-01 -1.90180530e-02 -6.00940045e-01 -1.27406158e+00 -2.77376801e-03 9.99372624e-01 -3.53155846e-02 -1.60692392e-01 6.01234499e-01 2.98864391e-02 7.98513851e-01 2.76143808e+00
7.95600990e-01 -2.14820869e-02 -6.05440381e-01 -1.30902155e+00 -3.01869516e-03 9.99218415e-01 -3.94208445e-02 -1.63267628e-01 6.05813835e-01 3.31909158e-02 7.94914111e-01 2.80711593e+00
7.92585827e-01 -2.45897144e-02 -6.09264685e-01 -1.33978576e+00 -4.47738282e-03 9.98925150e-01 -4.61408539e-02 -1.65763069e-01 6.09744231e-01 3.92985103e-02 7.91623666e-01 2.84673679e+00
7.89649219e-01 -2.55273699e-02 -6.13027671e-01 -1.37550988e+00 -4.67407782e-03 9.98855100e-01 -4.76145316e-02 -1.68856605e-01 6.13541099e-01 4.04641268e-02 7.88625682e-01 2.89229801e+00
7.86511791e-01 -2.43304715e-02 -6.17096174e-01 -1.41313420e+00 -3.51076241e-03 9.99031646e-01 -4.38637677e-02 -1.72090375e-01 6.17565638e-01 3.66658618e-02 7.85664538e-01 2.93967532e+00
7.83713407e-01 -2.23506949e-02 -6.20720632e-01 -1.45186441e+00 -2.35768238e-03 9.99238382e-01 -3.89570006e-02 -1.75176834e-01 6.21118419e-01 3.19946029e-02 7.83063615e-01 2.98807610e+00
7.81022367e-01 -2.10059761e-02 -6.24149989e-01 -1.49012255e+00 -2.24835246e-03 9.99333409e-01 -3.64463365e-02 -1.77936258e-01 6.24499313e-01 2.98687313e-02 7.80454274e-01 3.03527135e+00
7.78308775e-01 -2.10743774e-02 -6.27528304e-01 -1.53015524e+00 -2.73682568e-03 9.99313517e-01 -3.69545081e-02 -1.80773080e-01 6.27876114e-01 3.04794697e-02 7.77716553e-01 3.08430449e+00
7.75008392e-01 -2.21821671e-02 -6.31561879e-01 -1.56937345e+00 -2.99812922e-03 9.99243755e-01 -3.87752378e-02 -1.83595711e-01 6.31944209e-01 3.19446537e-02 7.74355547e-01 3.13207629e+00
7.71314481e-01 -2.46974034e-02 -6.35975213e-01 -1.60737230e+00 -2.28367553e-03 9.99133231e-01 -4.15698999e-02 -1.86429695e-01 6.36450490e-01 3.35158395e-02 7.70589335e-01 3.17798955e+00
7.67074058e-01 -2.57416716e-02 -6.41042269e-01 -1.64567032e+00 -1.44372155e-03 9.99123166e-01 -4.18483175e-02 -1.89350223e-01 6.41557256e-01 3.30262584e-02 7.66364146e-01 3.22351948e+00
7.62560924e-01 -2.64782844e-02 -6.46374583e-01 -1.68397382e+00 -2.94345417e-04 9.99147942e-01 -4.12766509e-02 -1.92234826e-01 6.46916573e-01 3.16662338e-02 7.61903269e-01 3.26840576e+00
7.57527741e-01 -2.66330974e-02 -6.52259745e-01 -1.72284948e+00 1.79988889e-05 9.99168469e-01 -4.07771858e-02 -1.95117435e-01 6.52803204e-01 3.08781238e-02 7.56898228e-01 3.31314477e+00
7.52046134e-01 -2.82075998e-02 -6.58506885e-01 -1.76077421e+00 8.31274826e-04 9.99123824e-01 -4.18488090e-02 -1.97947558e-01 6.59110149e-01 3.09248495e-02 7.51410597e-01 3.35627690e+00
7.46555730e-01 -2.95763499e-02 -6.64665382e-01 -1.79923814e+00 1.52837334e-03 9.99085200e-01 -4.27407216e-02 -2.00888450e-01 6.65321280e-01 3.08924900e-02 7.45917944e-01 3.39930985e+00
7.40973131e-01 -3.06121267e-02 -6.70836750e-01 -1.83963729e+00 1.80212316e-03 9.99047646e-01 -4.35987576e-02 -2.03999126e-01 6.71532346e-01 3.10965949e-02 7.40322623e-01 3.44370572e+00
7.35242335e-01 -3.20553006e-02 -6.77046081e-01 -1.88019874e+00 2.39359419e-03 9.98997800e-01 -4.46990291e-02 -2.07171192e-01 6.77800193e-01 3.12440631e-02 7.34582183e-01 3.48762170e+00
7.29046985e-01 -3.35923396e-02 -6.83639033e-01 -1.92088972e+00 3.06490521e-03 9.98945313e-01 -4.58172354e-02 -2.10426391e-01 6.84456927e-01 3.13076454e-02 7.28380993e-01 3.53093786e+00
7.22779254e-01 -3.43089298e-02 -6.90227014e-01 -1.96257613e+00 3.60540339e-03 9.98940709e-01 -4.58786366e-02 -2.13744414e-01 6.91069720e-01 3.06715975e-02 7.22137259e-01 3.57451922e+00
7.16957132e-01 -3.36763281e-02 -6.96303559e-01 -2.00476635e+00 3.70545654e-03 9.99002693e-01 -4.45008293e-02 -2.16985373e-01 6.97107537e-01 2.93250833e-02 7.16366828e-01 3.61777503e+00
7.10767067e-01 -3.38710788e-02 -7.02611700e-01 -2.04817139e+00 4.18014244e-03 9.99025986e-01 -4.39317749e-02 -2.20254836e-01 7.03415151e-01 2.82882602e-02 7.10216317e-01 3.66161267e+00
7.04310289e-01 -3.54191839e-02 -7.09008297e-01 -2.09127373e+00 4.98809881e-03 9.98976970e-01 -4.49497986e-02 -2.23454449e-01 7.09874834e-01 2.81220206e-02 7.03766425e-01 3.70454811e+00
6.97652342e-01 -3.70473911e-02 -7.15478165e-01 -2.13329550e+00 5.26087970e-03 9.98900242e-01 -4.65931569e-02 -2.26591862e-01 7.16417289e-01 2.87417970e-02 6.97079998e-01 3.74550522e+00
6.91860041e-01 -3.65829821e-02 -7.21104466e-01 -2.17807591e+00 4.63623311e-03 9.98920266e-01 -4.62288894e-02 -2.30011714e-01 7.22016910e-01 2.86407302e-02 6.91282588e-01 3.78828067e+00
6.86631033e-01 -3.58606932e-02 -7.26121300e-01 -2.22310432e+00 4.34035415e-03 9.98967267e-01 -4.52313386e-02 -2.33388138e-01 7.26993284e-01 2.79056339e-02 6.86077541e-01 3.83062658e+00
6.81809525e-01 -3.52383587e-02 -7.30680671e-01 -2.26837483e+00 3.31857648e-03 9.98977948e-01 -4.50808523e-02 -2.36745258e-01 7.31522322e-01 2.83117531e-02 6.81229620e-01 3.87249307e+00
6.77326756e-01 -3.60587693e-02 -7.34798243e-01 -2.31487150e+00 3.27763055e-03 9.98936187e-01 -4.59995472e-02 -2.40173444e-01 7.35675093e-01 2.87483445e-02 6.76724432e-01 3.91507640e+00
6.72264215e-01 -3.74449188e-02 -7.39363865e-01 -2.36106767e+00 2.29844442e-03 9.98820924e-01 -4.84952111e-02 -2.43691028e-01 7.40307811e-01 3.09022273e-02 6.71557635e-01 3.95685520e+00
6.67136509e-01 -3.93801933e-02 -7.43893998e-01 -2.40788341e+00 2.11319891e-03 9.98697893e-01 -5.09738280e-02 -2.47371485e-01 7.44932543e-01 3.24345251e-02 6.66351068e-01 3.99876694e+00
6.62302768e-01 -3.98818731e-02 -7.48174203e-01 -2.45611327e+00 1.89871457e-03 9.98668562e-01 -5.15538331e-02 -2.51206881e-01 7.49233908e-01 3.27236984e-02 6.61496711e-01 4.04122537e+00
6.57729479e-01 -3.95560930e-02 -7.52214977e-01 -2.50517889e+00 2.62798179e-03 9.98734769e-01 -5.02217372e-02 -2.55128616e-01 7.53249637e-01 3.10555317e-02 6.57001290e-01 4.08396773e+00
6.53081958e-01 -3.96398333e-02 -7.56249136e-01 -2.55450828e+00 3.50731511e-03 9.98776846e-01 -4.93234024e-02 -2.58956950e-01 7.57279115e-01 2.95598427e-02 6.52422189e-01 4.12642357e+00
6.48409631e-01 -4.08114449e-02 -7.60197004e-01 -2.60355999e+00 4.59514243e-03 9.98753797e-01 -4.96990241e-02 -2.62735338e-01 7.61277753e-01 2.87321350e-02 6.47789156e-01 4.16828513e+00
6.44124765e-01 -4.18558364e-02 -7.63774465e-01 -2.65221697e+00 5.86234368e-03 9.98742707e-01 -4.97884240e-02 -2.66486711e-01 7.64897937e-01 2.75924728e-02 6.43560327e-01 4.20927824e+00
6.40193745e-01 -4.21111625e-02 -7.67058438e-01 -2.70061760e+00 6.26213166e-03 9.98749436e-01 -4.96044553e-02 -2.70200283e-01 7.68187943e-01 2.69530660e-02 6.39656859e-01 4.24945532e+00
6.36610545e-01 -4.29296626e-02 -7.69989630e-01 -2.75001424e+00 7.01922973e-03 9.98730666e-01 -4.98794369e-02 -2.73993792e-01 7.71153469e-01 2.63490667e-02 6.36103832e-01 4.29010525e+00
6.33188791e-01 -4.52644635e-02 -7.72672709e-01 -2.79931476e+00 8.80152719e-03 9.98645145e-01 -5.12896371e-02 -2.77816991e-01 7.73947346e-01 2.56753480e-02 6.32729310e-01 4.33052496e+00
6.29308786e-01 -4.94493760e-02 -7.75580592e-01 -2.84783286e+00 1.11891666e-02 9.98446806e-01 -5.45799214e-02 -2.81690717e-01 7.77074798e-01 2.56695481e-02 6.28884672e-01 4.37013700e+00
6.24749448e-01 -5.24882196e-02 -7.79059146e-01 -2.89536134e+00 1.35518456e-02 9.98316720e-01 -5.63928445e-02 -2.85634768e-01 7.80707674e-01 2.46737326e-02 6.24409188e-01 4.40839685e+00
6.18824923e-01 -5.49464180e-02 -7.83604908e-01 -2.94398046e+00 1.64468158e-02 9.98238242e-01 -5.70082212e-02 -2.89692227e-01 7.85356740e-01 2.23903253e-02 6.18638477e-01 4.44705646e+00
6.11230631e-01 -5.80480546e-02 -7.89320970e-01 -2.99187585e+00 1.94470953e-02 9.98107153e-01 -5.83432179e-02 -2.93728116e-01 7.91213570e-01 2.03111847e-02 6.11202623e-01 4.48445290e+00
6.03005053e-01 -5.87461654e-02 -7.95571409e-01 -3.04126341e+00 2.13591189e-02 9.98116253e-01 -5.75131935e-02 -2.97889849e-01 7.97451393e-01 1.76880647e-02 6.03123982e-01 4.52198456e+00
5.95202941e-01 -5.76723108e-02 -8.01503212e-01 -3.09184145e+00 2.20989844e-02 9.98218789e-01 -5.54161303e-02 -3.02068923e-01 8.03271486e-01 1.52714602e-02 5.95417326e-01 4.55938717e+00
5.86554661e-01 -5.77590683e-02 -8.07847488e-01 -3.14247607e+00 2.20440028e-02 9.98222838e-01 -5.53649222e-02 -3.06146260e-01 8.09609554e-01 1.46663844e-02 5.86785598e-01 4.59603848e+00
5.76897410e-01 -5.93034126e-02 -8.14661024e-01 -3.19239857e+00 2.20065472e-02 9.98127343e-01 -5.70750838e-02 -3.10191370e-01 8.16520076e-01 1.49986148e-02 5.77122265e-01 4.63144545e+00
5.66932872e-01 -6.14445055e-02 -8.21469251e-01 -3.24223450e+00 2.25965516e-02 9.97999008e-01 -5.90537464e-02 -3.14318442e-01 8.23453971e-01 1.49171612e-02 5.67187005e-01 4.66594355e+00
5.57356781e-01 -6.28130013e-02 -8.27893704e-01 -3.29344424e+00 2.26215301e-02 9.97912783e-01 -6.04831860e-02 -3.18565394e-01 8.29964837e-01 1.49825144e-02 5.57614533e-01 4.70036090e+00
5.47908081e-01 -6.33366820e-02 -8.34137476e-01 -3.34438390e+00 2.45616334e-02 9.97917728e-01 -5.96392093e-02 -3.22819961e-01 8.36177905e-01 1.21890475e-02 5.48322985e-01 4.73403893e+00
5.38463967e-01 -6.32843219e-02 -8.40268835e-01 -3.39679794e+00 2.52336812e-02 9.97939598e-01 -5.89888824e-02 -3.27187837e-01 8.42270624e-01 1.05603337e-02 5.38951557e-01 4.76778728e+00
5.29158882e-01 -6.38507118e-02 -8.46117097e-01 -3.45091053e+00 2.52322828e-02 9.97907841e-01 -5.95251616e-02 -3.31604498e-01 8.48147576e-01 1.01488236e-02 5.29663013e-01 4.80160165e+00
5.19945283e-01 -6.45635835e-02 -8.51756239e-01 -3.50369066e+00 2.43033708e-02 9.97853954e-01 -6.08021607e-02 -3.35963862e-01 8.53853858e-01 1.09132704e-02 5.20398663e-01 4.83369017e+00
5.10376800e-01 -6.46663473e-02 -8.57516186e-01 -3.55765622e+00 2.27519568e-02 9.97834980e-01 -6.17064643e-02 -3.40459602e-01 8.59649946e-01 1.19833976e-02 5.10743221e-01 4.86565991e+00
5.01752002e-01 -6.56107620e-02 -8.62519758e-01 -3.61100569e+00 2.22292719e-02 9.97767968e-01 -6.29675459e-02 -3.44915126e-01 8.64725909e-01 1.24209278e-02 5.02090672e-01 4.89655797e+00
4.93652206e-01 -6.55289913e-02 -8.67187250e-01 -3.66570680e+00 2.19032875e-02 9.97777697e-01 -6.29284813e-02 -3.49501279e-01 8.69383660e-01 1.20705532e-02 4.93990553e-01 4.92755877e+00
4.86243815e-01 -6.42788336e-02 -8.71455925e-01 -3.72163592e+00 2.21369432e-02 9.97876854e-01 -6.12520064e-02 -3.54107236e-01 8.73542853e-01 1.04920602e-02 4.86634468e-01 4.95860514e+00
4.79546824e-01 -6.34236301e-02 -8.75221436e-01 -3.77985058e+00 2.34515418e-02 9.97954748e-01 -5.94681666e-02 -3.58769003e-01 8.77203046e-01 7.99249940e-03 4.80053460e-01 4.99050873e+00
4.73279529e-01 -6.39726093e-02 -8.78586512e-01 -3.83555988e+00 2.40037512e-02 9.97925876e-01 -5.97316838e-02 -3.63133419e-01 8.80585386e-01 7.18043228e-03 4.73833518e-01 5.02042275e+00
4.66922825e-01 -6.67499034e-02 -8.81775372e-01 -3.88891331e+00 2.51973994e-02 9.97746495e-01 -6.21861965e-02 -3.67406087e-01 8.83939166e-01 6.81772952e-03 4.67552599e-01 5.04870519e+00
4.61273121e-01 -6.98505782e-02 -8.84504575e-01 -3.94357397e+00 2.70034451e-02 9.97539773e-01 -6.46947241e-02 -3.71902585e-01 8.86847403e-01 5.95728816e-03 4.62024517e-01 5.07732090e+00
4.56211393e-01 -7.25318304e-02 -8.86910766e-01 -3.99701013e+00 2.80049554e-02 9.97349338e-01 -6.71582889e-02 -3.76499496e-01 8.89430921e-01 5.80050138e-03 4.57033399e-01 5.10476655e+00
4.52000870e-01 -7.54775887e-02 -8.88818739e-01 -4.05117166e+00 2.89923499e-02 9.97130490e-01 -6.99315314e-02 -3.81275570e-01 8.91546455e-01 5.84019064e-03 4.52892161e-01 5.13232511e+00
4.48737399e-01 -7.59699658e-02 -8.90428900e-01 -4.10648957e+00 3.01817066e-02 9.97100120e-01 -6.98607367e-02 -3.86266253e-01 8.93154035e-01 4.47448335e-03 4.49729079e-01 5.16014612e+00
4.45967934e-01 -7.39426524e-02 -8.91989624e-01 -4.16218874e+00 3.12166861e-02 9.97260446e-01 -6.70618353e-02 -3.91240505e-01 8.94504603e-01 2.06248977e-03 4.47054487e-01 5.18779983e+00
4.43285247e-01 -7.23900894e-02 -8.93452979e-01 -4.22045672e+00 3.30684651e-02 9.97375994e-01 -6.44033773e-02 -3.96234294e-01 8.95770597e-01 -9.96029992e-04 4.44515956e-01 5.21669886e+00
4.40831768e-01 -7.22911081e-02 -8.94674057e-01 -4.27898643e+00 3.42429897e-02 9.97380400e-01 -6.37174515e-02 -4.01119047e-01 8.96936458e-01 -2.54761587e-03 4.42152505e-01 5.24549119e+00
4.38665123e-01 -7.26820042e-02 -8.95706730e-01 -4.33612964e+00 3.59444016e-02 9.97345489e-01 -6.33259991e-02 -4.05825751e-01 8.97931598e-01 -4.41671339e-03 4.40113254e-01 5.27351114e+00
4.36837260e-01 -7.22782462e-02 -8.96632252e-01 -4.39361128e+00 3.77182914e-02 9.97361925e-01 -6.20218914e-02 -4.10542685e-01 8.98749564e-01 -6.72594125e-03 4.38411135e-01 5.30158719e+00
4.34943798e-01 -7.23030225e-02 -8.97550281e-01 -4.45164609e+00 4.00485362e-02 9.97338114e-01 -6.09344251e-02 -4.15167070e-01 8.99566751e-01 -9.44250198e-03 4.36681705e-01 5.32992067e+00
4.33282873e-01 -7.38419223e-02 -8.98228086e-01 -4.50922878e+00 4.24445211e-02 9.97204046e-01 -6.15044142e-02 -4.19697517e-01 9.00258202e-01 -1.14760283e-02 4.35205645e-01 5.35796693e+00
4.31585449e-01 -7.46644746e-02 -8.98977001e-01 -4.56724339e+00 4.48971417e-02 9.97111644e-01 -6.12606112e-02 -4.24309055e-01 9.00954327e-01 -1.39222852e-02 4.33691129e-01 5.38606484e+00
4.30135758e-01 -7.42623149e-02 -8.99704791e-01 -4.62631159e+00 4.73228720e-02 9.97095519e-01 -5.96766579e-02 -4.28916494e-01 9.01523236e-01 -1.69075267e-02 4.32400783e-01 5.41455363e+00
4.28875515e-01 -7.40581069e-02 -9.00323041e-01 -4.68609891e+00 4.90054782e-02 9.97073861e-01 -5.86724551e-02 -4.33497563e-01 9.02033588e-01 -1.89575588e-02 4.31249861e-01 5.44316294e+00
4.27734704e-01 -7.55379868e-02 -9.00742700e-01 -4.74657508e+00 5.09577445e-02 9.96932514e-01 -5.94064102e-02 -4.38148380e-01 9.02466960e-01 -2.04896100e-02 4.30271940e-01 5.47209436e+00
4.26897530e-01 -7.68869749e-02 -9.01025676e-01 -4.80512977e+00 5.19758438e-02 9.96818101e-01 -6.04355465e-02 -4.42730291e-01 9.02805267e-01 -2.10317607e-02 4.29535492e-01 5.49994399e+00
4.26449800e-01 -7.87266680e-02 -9.01078861e-01 -4.86373881e+00 5.26184402e-02 9.96677321e-01 -6.21765481e-02 -4.47393323e-01 9.02979666e-01 -2.08981630e-02 4.29175349e-01 5.52778155e+00
4.26610522e-01 -8.01644978e-02 -9.00875983e-01 -4.92235217e+00 5.28526320e-02 9.96571809e-01 -6.36516029e-02 -4.52182545e-01 9.02890017e-01 -2.04591993e-02 4.29384977e-01 5.55560988e+00
4.28235151e-01 -8.08278294e-02 -9.00045540e-01 -4.98338790e+00 5.20238587e-02 9.96545208e-01 -6.47413418e-02 -4.57297126e-01 9.02168755e-01 -1.90992994e-02 4.30960738e-01 5.58459408e+00
4.31269177e-01 -8.23482896e-02 -8.98457636e-01 -5.04338784e+00 5.17709600e-02 9.96444010e-01 -6.64786530e-02 -4.62348998e-01 9.00736897e-01 -1.78437961e-02 4.33998906e-01 5.61334551e+00
4.34904175e-01 -8.40416972e-02 -8.96546592e-01 -5.10379761e+00 5.22925545e-02 9.96312268e-01 -6.80271749e-02 -4.67553402e-01 8.98957272e-01 -1.72973852e-02 4.37695163e-01 5.64264015e+00
4.39290921e-01 -8.49193771e-02 -8.94322475e-01 -5.16332707e+00 5.26853753e-02 9.96244171e-01 -6.87182069e-02 -4.72785573e-01 8.96798802e-01 -1.69304064e-02 4.42115071e-01 5.67176577e+00
4.43998589e-01 -8.50926157e-02 -8.91978138e-01 -5.22200561e+00 5.32685929e-02 9.96226625e-01 -6.85222656e-02 -4.77949665e-01 8.94442857e-01 -1.70906063e-02 4.46856042e-01 5.70088311e+00
4.49520292e-01 -8.51274136e-02 -8.89204877e-01 -5.28233084e+00 5.36572251e-02 9.96224626e-01 -6.82475192e-02 -4.83261064e-01 8.91657282e-01 -1.70335971e-02 4.52390947e-01 5.73124220e+00
4.55699560e-01 -8.52608047e-02 -8.86041153e-01 -5.34073947e+00 5.42123338e-02 9.96212831e-01 -6.79803410e-02 -4.88431913e-01 8.88481385e-01 -1.70557237e-02 4.58595999e-01 5.76112399e+00
4.61891779e-01 -8.58412685e-02 -8.82772686e-01 -5.39859698e+00 5.49766309e-02 9.96162642e-01 -6.81020313e-02 -4.93588398e-01 8.85230913e-01 -1.70760771e-02 4.64838643e-01 5.79129363e+00
4.68676649e-01 -8.75385306e-02 -8.79021913e-01 -5.45386859e+00 5.56313562e-02 9.96027684e-01 -6.95291918e-02 -4.98579012e-01 8.81616427e-01 -1.63144502e-02 4.71684854e-01 5.82067685e+00
4.75978600e-01 -8.96886139e-02 -8.74871803e-01 -5.50882098e+00 5.52807877e-02 9.95870367e-01 -7.20171471e-02 -5.03669169e-01 8.77717837e-01 -1.40849581e-02 4.78971109e-01 5.85039527e+00
4.84115955e-01 -9.14502288e-02 -8.70212033e-01 -5.56221099e+00 5.56484662e-02 9.95728065e-01 -7.36823454e-02 -5.08762960e-01 8.73232650e-01 -1.27551416e-02 4.87136965e-01 5.87997365e+00
4.93569303e-01 -9.10612984e-02 -8.64926338e-01 -5.61647589e+00 5.57696555e-02 9.95770671e-01 -7.30119905e-02 -5.13980491e-01 8.67916689e-01 -1.22001425e-02 4.96560338e-01 5.91070960e+00
5.03809932e-01 -9.02826454e-02 -8.59083857e-01 -5.66854698e+00 5.64683584e-02 9.95838254e-01 -7.15385464e-02 -5.18914841e-01 8.61967050e-01 -1.24692002e-02 5.06811372e-01 5.94105263e+00
5.13729478e-01 -8.95158964e-02 -8.53269828e-01 -5.72055703e+00 5.77834933e-02 9.95893984e-01 -6.96887124e-02 -5.23741807e-01 8.56004315e-01 -1.35037410e-02 5.16792695e-01 5.97225681e+00
5.24720673e-01 -8.99141658e-02 -8.46512944e-01 -5.77268453e+00 5.88871366e-02 9.95858156e-01 -6.92753503e-02 -5.28575890e-01 8.49235432e-01 -1.34984897e-02 5.27842225e-01 6.00427518e+00
5.35093399e-01 -9.08912927e-02 -8.39889452e-01 -5.82411825e+00 5.99076092e-02 9.95775046e-01 -6.95938501e-02 -5.33430850e-01 8.42666242e-01 -1.30765340e-02 5.38277821e-01 6.03680427e+00
5.46178630e-01 -9.22431348e-02 -8.32574622e-01 -5.87451753e+00 6.08029364e-02 9.95662332e-01 -7.04246486e-02 -5.38293153e-01 8.35459238e-01 -1.21585186e-02 5.49418227e-01 6.06949720e+00
5.58507755e-01 -9.37846610e-02 -8.24180775e-01 -5.92242371e+00 6.31943285e-02 9.95511140e-01 -7.04568471e-02 -5.42959831e-01 8.27088758e-01 -1.27328295e-02 5.61927435e-01 6.10170856e+00
5.70141367e-01 -9.43088013e-02 -8.16115833e-01 -5.96910508e+00 6.45716695e-02 9.95460330e-01 -6.99235516e-02 -5.47530457e-01 8.19005204e-01 -1.28316271e-02 5.73642887e-01 6.13404146e+00
5.81384408e-01 -9.32619205e-02 -8.08266488e-01 -6.01290620e+00 6.53315463e-02 9.95552227e-01 -6.78790948e-02 -5.51818750e-01 8.11001910e-01 -1.33414272e-02 5.84891605e-01 6.16534570e+00
5.92164812e-01 -9.20061206e-02 -8.00547343e-01 -6.05553218e+00 6.74467650e-02 9.95633436e-01 -6.45368427e-02 -5.55886638e-01 8.02989358e-01 -1.57778563e-02 5.95784721e-01 6.19687366e+00
6.03619426e-01 -9.17563814e-02 -7.91975180e-01 -6.09573703e+00 6.81840613e-02 9.95657072e-01 -6.33867088e-02 -5.59652009e-01 7.94351718e-01 -1.57386101e-02 6.07254410e-01 6.22719649e+00
6.16042578e-01 -9.22360097e-02 -7.82294308e-01 -6.13291132e+00 6.76275297e-02 9.95647052e-01 -6.41358463e-02 -5.63181233e-01 7.84804565e-01 -1.33941942e-02 6.19598795e-01 6.25600085e+00
6.27627651e-01 -9.27116155e-02 -7.72973758e-01 -6.16797930e+00 6.71226267e-02 9.95630673e-01 -6.49162300e-02 -5.66582486e-01 7.75614787e-01 -1.11407828e-02 6.31108468e-01 6.28401695e+00
6.38575648e-01 -9.31005621e-02 -7.63906870e-01 -6.20521106e+00 6.85222049e-02 9.95590990e-01 -6.40568850e-02 -5.70194981e-01 7.66502453e-01 -1.14393916e-02 6.42139692e-01 6.31484876e+00
6.49847652e-01 -9.19461905e-02 -7.54482746e-01 -6.24210887e+00 6.93083092e-02 9.95688809e-01 -6.16448594e-02 -5.73742299e-01 7.56897991e-01 -1.22321314e-02 6.53418757e-01 6.34641430e+00
6.60339470e-01 -9.06677916e-02 -7.45473970e-01 -6.27727339e+00 6.99526906e-02 9.95795136e-01 -5.91490215e-02 -5.77047432e-01 7.47702185e-01 -1.30894516e-02 6.63905401e-01 6.37727339e+00
6.70395254e-01 -9.05004498e-02 -7.36464663e-01 -6.31189158e+00 7.11367008e-02 9.95801240e-01 -5.76141543e-02 -5.80277296e-01 7.38586431e-01 -1.37653857e-02 6.74018462e-01 6.40849991e+00
6.79919333e-01 -9.01245456e-02 -7.27727718e-01 -6.34619577e+00 7.09073994e-02 9.95848312e-01 -5.70805598e-02 -5.83477206e-01 7.29850699e-01 -1.27910781e-02 6.83487145e-01 6.44004502e+00
6.89365412e-01 -8.92397942e-02 -7.18896367e-01 -6.37968949e+00 7.06943400e-02 9.95933859e-01 -5.58393940e-02 -5.86556497e-01 7.20956238e-01 -1.23281316e-02 6.92871193e-01 6.47169032e+00
6.98363510e-01 -8.68876901e-02 -7.10450104e-01 -6.41141380e+00 7.03131381e-02 9.96131374e-01 -5.27094957e-02 -5.89431037e-01 7.12281383e-01 -1.31435621e-02 7.01771233e-01 6.50256448e+00
7.07845869e-01 -8.45723519e-02 -7.01286094e-01 -6.44432917e+00 6.97946052e-02 9.96322234e-01 -4.97051652e-02 -5.92297313e-01 7.02910534e-01 -1.37623640e-02 7.11145409e-01 6.53533178e+00
7.17019336e-01 -8.40335407e-02 -6.91969700e-01 -6.47679524e+00 7.01660973e-02 9.96365580e-01 -4.82936238e-02 -5.95065594e-01 6.93513001e-01 -1.39253254e-02 7.20309797e-01 6.56852270e+00
7.26648891e-01 -8.38718949e-02 -6.81870457e-01 -6.50721521e+00 7.05487650e-02 9.96382624e-01 -4.73760949e-02 -5.97661310e-01 6.83377326e-01 -1.36793064e-02 7.29937465e-01 6.60042679e+00
7.36695107e-01 -8.20397382e-02 -6.71230440e-01 -6.53711093e+00 6.93329051e-02 9.96546036e-01 -4.57059165e-02 -6.00190209e-01 6.72661627e-01 -1.28670059e-02 7.39838664e-01 6.63244600e+00
7.47878222e-01 -8.00476805e-02 -6.58992413e-01 -6.56529733e+00 6.95260195e-02 9.96688773e-01 -4.21638501e-02 -6.02492889e-01 6.60185335e-01 -1.42836698e-02 7.50967199e-01 6.66391042e+00
7.59539728e-01 -7.69761150e-02 -6.45890514e-01 -6.59202761e+00 6.86816618e-02 9.96913115e-01 -3.80437083e-02 -6.04600451e-01 6.46825013e-01 -1.54651022e-02 7.62481927e-01 6.69472802e+00
7.71234929e-01 -7.60033505e-02 -6.31997366e-01 -6.61804377e+00 6.83643061e-02 9.96993666e-01 -3.64715823e-02 -6.06536572e-01 6.32869157e-01 -1.50778791e-02 7.74112247e-01 6.72575782e+00
7.83017224e-01 -7.62753661e-02 -6.17305960e-01 -6.64221908e+00 6.83530396e-02 9.96993802e-01 -3.64883783e-02 -6.08370504e-01 6.18233224e-01 -1.36236849e-02 7.85876969e-01 6.75577906e+00
7.94703966e-01 -7.79801979e-02 -6.01967823e-01 -6.66423604e+00 6.95956676e-02 9.96879341e-01 -3.72593437e-02 -6.10114175e-01 6.02994632e-01 -1.22841796e-02 7.97650987e-01 6.78443737e+00
8.05742339e-01 -7.80210002e-02 -5.87105304e-01 -6.68754244e+00 7.05294754e-02 9.96871511e-01 -3.56807480e-02 -6.11970367e-01 5.88052232e-01 -1.26587148e-02 8.08724255e-01 6.81579482e+00
8.16772238e-01 -7.70532131e-02 -5.71792395e-01 -6.70705795e+00 7.09830282e-02 9.96933317e-01 -3.29489903e-02 -6.13485066e-01 5.72577564e-01 -1.36757097e-02 8.19736849e-01 6.84316715e+00
8.27440249e-01 -7.52562551e-02 -5.56488826e-01 -6.72538263e+00 7.11355057e-02 9.97043337e-01 -2.90632941e-02 -6.14854946e-01 5.57030503e-01 -1.55379490e-02 8.30347056e-01 6.86994298e+00
8.37598993e-01 -7.45016542e-02 -5.41182076e-01 -6.74480564e+00 7.20789346e-02 9.97067846e-01 -2.57029745e-02 -6.16231566e-01 5.41509981e-01 -1.74790163e-02 8.40512957e-01 6.89957126e+00
8.47315339e-01 -7.33787125e-02 -5.25997085e-01 -6.76439508e+00 7.28485311e-02 9.97105951e-01 -2.17505153e-02 -6.17479407e-01 5.26070692e-01 -1.98885430e-02 8.50208624e-01 6.93070307e+00
8.56088225e-01 -7.29441323e-02 -5.11656914e-01 -6.78449412e+00 7.38166077e-02 9.97097662e-01 -1.86432290e-02 -6.18632257e-01 5.11531685e-01 -2.18085004e-02 8.58988010e-01 6.96387640e+00
8.64279459e-01 -7.33585740e-02 -4.97634665e-01 -6.80399002e+00 7.53668108e-02 9.97026270e-01 -1.60810499e-02 -6.19635690e-01 4.97334381e-01 -2.36065860e-02 8.67238130e-01 6.99737929e+00
8.71811615e-01 -7.36737372e-02 -4.84270017e-01 -6.82306164e+00 7.61247416e-02 9.96991014e-01 -1.46316525e-02 -6.20555803e-01 4.83890669e-01 -2.41088536e-02 8.74796772e-01 7.03121466e+00
8.79506783e-01 -7.31939643e-02 -4.70224569e-01 -6.84127880e+00 7.57131691e-02 9.97037156e-01 -1.35826732e-02 -6.21463553e-01 4.69825395e-01 -2.36561081e-02 8.82442764e-01 7.06450791e+00
8.87189337e-01 -7.16382512e-02 -4.55811098e-01 -6.85881423e+00 7.45988056e-02 9.97147151e-01 -1.15193822e-02 -6.22290549e-01 4.55335815e-01 -2.37830597e-02 8.90002489e-01 7.09782481e+00
8.94350531e-01 -7.10729050e-02 -4.41685968e-01 -6.87479294e+00 7.42720632e-02 9.97187249e-01 -1.00700098e-02 -6.23000268e-01 4.41159149e-01 -2.37987787e-02 8.97113727e-01 7.12946542e+00
9.01144584e-01 -7.20932005e-02 -4.27482923e-01 -6.89059200e+00 7.54658208e-02 9.97107149e-01 -9.07422112e-03 -6.23663790e-01 4.26900312e-01 -2.40831349e-02 9.03978345e-01 7.16226696e+00
9.06901550e-01 -7.36272993e-02 -4.14860615e-01 -6.90519869e+00 7.67029814e-02 9.97010980e-01 -9.26870704e-03 -6.24249460e-01 4.14302870e-01 -2.34152106e-02 9.09838235e-01 7.19383674e+00
9.11992862e-01 -7.41011729e-02 -4.03458505e-01 -6.91953834e+00 7.70028074e-02 9.96989862e-01 -9.05211915e-03 -6.24834229e-01 4.02914646e-01 -2.28119384e-02 9.14953663e-01 7.22576824e+00
9.15915088e-01 -7.32356108e-02 -3.94635025e-01 -6.93393143e+00 7.63826282e-02 9.97048532e-01 -7.75273136e-03 -6.25449416e-01 3.94037864e-01 -2.30423862e-02 9.18805766e-01 7.25850984e+00
9.19549345e-01 -7.06144664e-02 -3.86578939e-01 -6.94645762e+00 7.51113588e-02 9.97169157e-01 -3.48184675e-03 -6.25833659e-01 3.85730275e-01 -2.58347094e-02 9.22250262e-01 7.28793423e+00
9.23187844e-01 -6.54888634e-02 -3.78729520e-01 -6.96029721e+00 7.14730087e-02 9.97441028e-01 1.74712225e-03 -6.26226884e-01 3.77645772e-01 -2.86818307e-02 9.25506253e-01 7.32065028e+00
9.26990355e-01 -6.24139957e-02 -3.69856803e-01 -6.97378744e+00 6.92237693e-02 9.97587885e-01 5.15408481e-03 -6.26436543e-01 3.68642796e-01 -3.03806393e-02 9.29074999e-01 7.35358512e+00
9.30457932e-01 -5.88935212e-02 -3.61635538e-01 -6.98745266e+00 6.62670929e-02 9.97769800e-01 8.00949246e-03 -6.26539559e-01 3.60357127e-01 -3.14170025e-02 9.32285673e-01 7.38752850e+00
9.33915524e-01 -5.64738777e-02 -3.53005912e-01 -7.00100978e+00 6.44214284e-02 9.97864370e-01 1.07954228e-02 -6.26523259e-01 3.51642188e-01 -3.28231276e-02 9.35559355e-01 7.42249832e+00
9.37264760e-01 -5.42800622e-02 -3.44367710e-01 -7.01455171e+00 6.29476697e-02 9.97918182e-01 1.40301122e-02 -6.26364384e-01 3.42889069e-01 -3.48270447e-02 9.38730551e-01 7.45850180e+00
9.40725624e-01 -5.43425090e-02 -3.34787840e-01 -7.02785999e+00 6.34663031e-02 9.97849796e-01 1.63645796e-02 -6.26134317e-01 3.33178505e-01 -3.66422958e-02 9.42151972e-01 7.49550781e+00
