1.00000000e+00 0.00000000e+00 0.00000000e+00 0.00000000e+00 0.00000000e+00 1.00000000e+00 0.00000000e+00 0.00000000e+00 0.00000000e+00 0.00000000e+00 1.00000000e+00 0.00000000e+00
9.99826629e-01 1.53757072e-03 1.85571120e-02 1.10934782e-04 -1.51720688e-03 9.99998251e-01 -1.11138590e-03 2.04714885e-04 -1.85587896e-02 1.08303827e-03 9.99827222e-01 7.31770091e-03
9.99122473e-01 4.54773780e-03 4.16361087e-02 5.18928554e-04 -4.52584277e-03 9.99989551e-01 -6.20108419e-04 3.56966063e-04 -4.16384959e-02 4.31125771e-04 9.99132676e-01 1.83108545e-02
9.97479284e-01 6.54371176e-03 7.06555044e-02 1.50412577e-03 -6.61086633e-03 9.99977862e-01 7.16653237e-04 4.32385718e-04 -7.06492541e-02 -1.18194108e-03 9.97500570e-01 2.91984876e-02
9.94457226e-01 6.63762877e-03 1.04931759e-01 3.38906345e-03 -7.00287027e-03 9.99970551e-01 3.11270240e-03 3.94198025e-04 -1.04908021e-01 -3.83027350e-03 9.94474579e-01 4.14373044e-02
9.89762541e-01 4.73339345e-03 1.42645317e-01 6.11162414e-03 -5.54667967e-03 9.99970440e-01 5.30435414e-03 4.23912019e-04 -1.42616019e-01 -6.04125938e-03 9.89759682e-01 5.39473123e-02
9.83404527e-01 3.07989606e-03 1.81400055e-01 9.18076858e-03 -4.23804150e-03 9.99972914e-01 5.99721809e-03 5.97019694e-04 -1.81376702e-01 -6.66647314e-03 9.83391102e-01 6.60405328e-02
9.74791266e-01 3.40805617e-03 2.23092381e-01 1.23379429e-02 -5.13280677e-03 9.99961099e-01 7.15170573e-03 7.26032415e-04 -2.23059364e-01 -8.11651148e-03 9.74771074e-01 7.57179354e-02
9.64160542e-01 3.90039865e-03 2.65290470e-01 1.59176988e-02 -6.85937331e-03 9.99924031e-01 1.02281638e-02 6.77560878e-04 -2.65230465e-01 -1.16813210e-02 9.64114255e-01 8.42938027e-02
9.52713252e-01 2.77682877e-03 3.03857745e-01 1.92270332e-02 -8.33964068e-03 9.99820403e-01 1.70111046e-02 4.86297153e-04 -3.03755984e-01 -1.87407738e-02 9.52565485e-01 9.04617609e-02
9.39442525e-01 -2.16226470e-04 3.42706072e-01 2.18481085e-02 -8.42881434e-03 9.99682610e-01 2.37362139e-02 3.89270195e-04 -3.42602479e-01 -2.51874205e-02 9.39142732e-01 9.30592863e-02
9.22960776e-01 -1.58648042e-03 3.84890419e-01 2.43770086e-02 -9.71584253e-03 9.99576666e-01 2.74185861e-02 4.26065315e-04 -3.84771042e-01 -2.90458197e-02 9.22554908e-01 9.51033583e-02
9.03295296e-01 -7.32083321e-04 4.29018399e-01 2.75672684e-02 -1.36288982e-02 9.99444665e-01 3.04010196e-02 5.57271626e-04 -4.28802511e-01 -3.33081528e-02 9.02783964e-01 9.86309757e-02
8.81143874e-01 3.01118723e-04 4.72847858e-01 2.91057984e-02 -1.81945167e-02 9.99280592e-01 3.32688126e-02 5.62731857e-04 -4.72497776e-01 -3.79178551e-02 8.80515788e-01 9.84276996e-02
8.56050715e-01 3.37248234e-04 5.16891465e-01 3.17703120e-02 -2.18785652e-02 9.99126972e-01 3.55823449e-02 6.69306720e-04 -5.16428334e-01 -4.17691409e-02 8.55311126e-01 9.98082838e-02
8.28371545e-01 3.75740801e-04 5.60178705e-01 3.41996342e-02 -2.52176219e-02 9.99010748e-01 3.66208032e-02 8.65683283e-04 -5.59610935e-01 -4.44620121e-02 8.27561933e-01 1.00602586e-01
7.97327440e-01 9.94717488e-04 6.03545961e-01 3.76054756e-02 -2.89065515e-02 9.98913726e-01 3.65413006e-02 1.13341842e-03 -6.02854140e-01 -4.65818193e-02 7.96490485e-01 1.02668606e-01
7.64730632e-01 1.74924233e-03 6.44347609e-01 4.25611032e-02 -3.18409187e-02 9.98876979e-01 3.50780395e-02 1.48872523e-03 -6.43562805e-01 -4.73418743e-02 7.63927873e-01 1.06226264e-01
7.30030583e-01 2.82406073e-03 6.83408530e-01 4.78729691e-02 -3.49986654e-02 9.98833567e-01 3.32587766e-02 1.86651853e-03 -6.82517648e-01 -4.81983141e-02 7.29278216e-01 1.09852200e-01
6.94165299e-01 3.92495348e-03 7.19804871e-01 5.22210700e-02 -3.87918897e-02 9.98735777e-01 3.19642113e-02 2.15621813e-03 -7.18769577e-01 -5.01110414e-02 6.93440247e-01 1.12245832e-01
6.57965371e-01 3.82871163e-03 7.53038423e-01 5.79001673e-02 -4.03464297e-02 9.98729845e-01 3.01746979e-02 2.48772128e-03 -7.51966606e-01 -5.02363197e-02 6.57284391e-01 1.15508101e-01
6.22559995e-01 3.32723469e-03 7.82564951e-01 6.44831383e-02 -4.13131113e-02 9.98736082e-01 2.86198149e-02 2.82445941e-03 -7.81480819e-01 -5.01477478e-02 6.21910862e-01 1.19188395e-01
5.87590374e-01 1.91581348e-03 8.09156272e-01 7.19672477e-02 -4.15232277e-02 9.98750897e-01 2.77884897e-02 3.19352785e-03 -8.08092489e-01 -4.99270313e-02 5.86936186e-01 1.23357442e-01
5.53579467e-01 2.91942360e-03 8.32791265e-01 8.33045936e-02 -4.32640952e-02 9.98744182e-01 2.52576625e-02 3.60756841e-03 -8.31671883e-01 -5.00120823e-02 5.53010827e-01 1.29978808e-01
5.19382755e-01 4.68600117e-03 8.54528874e-01 9.61334127e-02 -4.38414445e-02 9.98813993e-01 2.11696205e-02 3.94347006e-03 -8.53416381e-01 -4.84589153e-02 5.18972484e-01 1.36844608e-01
4.87775115e-01 7.53617204e-03 8.72936776e-01 1.13300695e-01 -4.31052707e-02 9.98950627e-01 1.54620819e-02 4.22247319e-03 -8.71904451e-01 -4.51701912e-02 4.87588414e-01 1.45397483e-01
4.58297047e-01 1.02476777e-02 8.88740004e-01 1.34887578e-01 -4.13583698e-02 9.99096011e-01 9.80715555e-03 4.38630817e-03 -8.87836299e-01 -4.12514234e-02 4.58306886e-01 1.55657314e-01
4.32515337e-01 1.33266369e-02 9.01528126e-01 1.55641577e-01 -4.05831989e-02 9.99164895e-01 4.70019238e-03 4.48815129e-03 -9.00712782e-01 -3.86197926e-02 4.32695288e-01 1.65092573e-01
4.12785311e-01 1.46107995e-02 9.10711221e-01 1.79480767e-01 -3.92960706e-02 9.99225826e-01 1.78032304e-03 4.47871078e-03 -9.09980308e-01 -3.65222542e-02 4.13040196e-01 1.75689095e-01
3.98119752e-01 1.42602511e-02 9.17222716e-01 2.06201599e-01 -3.74616272e-02 9.99297635e-01 7.23909524e-04 4.36555150e-03 -9.16568278e-01 -3.46488467e-02 3.98374636e-01 1.87127449e-01
3.87161592e-01 1.29965467e-02 9.21920386e-01 2.36933273e-01 -3.62509537e-02 9.99341865e-01 1.13566300e-03 4.22059495e-03 -9.21299003e-01 -3.38601662e-02 3.87378246e-01 1.99883105e-01
3.77081015e-01 1.14162261e-02 9.26110030e-01 2.70034832e-01 -3.67654282e-02 9.99320211e-01 2.65096722e-03 4.06134393e-03 -9.25450308e-01 -3.50484505e-02 3.77244724e-01 2.13411881e-01
3.67549741e-01 9.90949993e-03 9.29951160e-01 3.04315914e-01 -3.67370273e-02 9.99317246e-01 3.87112572e-03 3.92514463e-03 -9.29278025e-01 -3.55864619e-02 3.67663163e-01 2.26955286e-01
3.58146678e-01 8.10063728e-03 9.33630319e-01 3.39669167e-01 -3.60427891e-02 9.99336695e-01 5.15551816e-03 3.83243865e-03 -9.32969421e-01 -3.54970600e-02 3.58201434e-01 2.40462224e-01
3.48558475e-01 6.35889449e-03 9.37265588e-01 3.76910186e-01 -3.53352463e-02 9.99355038e-01 6.36064530e-03 3.81278458e-03 -9.36620763e-01 -3.53355566e-02 3.48558704e-01 2.54285086e-01
3.38887733e-01 4.81537635e-03 9.40814619e-01 4.15454400e-01 -3.45001235e-02 9.99377690e-01 7.31206288e-03 3.81434358e-03 -9.40194104e-01 -3.49361770e-02 3.38843307e-01 2.68154105e-01
3.29564374e-01 3.61586876e-03 9.44126334e-01 4.54438773e-01 -3.37542227e-02 9.99398265e-01 7.95497610e-03 3.84538807e-03 -9.43529642e-01 -3.44899135e-02 3.29488436e-01 2.81745250e-01
3.20555622e-01 1.03082244e-03 9.47229263e-01 4.94772250e-01 -3.37371443e-02 9.99377111e-01 1.03295556e-02 3.93330577e-03 -9.46628791e-01 -3.52679956e-02 3.20391052e-01 2.95429980e-01
3.11178726e-01 -2.24162447e-03 9.50348868e-01 5.37327045e-01 -3.37145869e-02 9.99341449e-01 1.33965720e-02 4.11893794e-03 -9.49753255e-01 -3.62093382e-02 3.10898551e-01 3.09412808e-01
3.00941199e-01 -5.52703460e-03 9.53626811e-01 5.81648476e-01 -3.34818406e-02 9.99305187e-01 1.63578320e-02 4.45846342e-03 -9.53054812e-01 -3.68519170e-02 3.00547382e-01 3.23419056e-01
2.89871230e-01 -7.11815447e-03 9.57039355e-01 6.26889058e-01 -3.32354690e-02 9.99294127e-01 1.74989081e-02 4.87225839e-03 -9.56488508e-01 -3.68800717e-02 2.89430364e-01 3.37220072e-01
2.77636383e-01 -6.96347800e-03 9.60661181e-01 6.71474221e-01 -3.27830510e-02 9.99322445e-01 1.67182094e-02 5.28836062e-03 -9.60126852e-01 -3.61349759e-02 2.77220296e-01 3.50190467e-01
2.64973811e-01 -5.25421277e-03 9.64241494e-01 7.15296555e-01 -3.29440558e-02 9.99351827e-01 1.44985741e-02 5.66254204e-03 -9.63692817e-01 -3.56077552e-02 2.64629277e-01 3.62362836e-01
2.50036886e-01 -3.74243931e-03 9.68229235e-01 7.58529631e-01 -3.22573705e-02 9.99405017e-01 1.21931370e-02 5.91297734e-03 -9.67698962e-01 -3.42812517e-02 2.49767694e-01 3.73598365e-01
2.31214175e-01 -1.37877672e-03 9.72902030e-01 8.00289262e-01 -3.28025300e-02 9.99419177e-01 9.21201887e-03 6.01472019e-03 -9.72349871e-01 -3.40435855e-02 2.31034945e-01 3.83724296e-01
2.08805732e-01 1.25699200e-03 9.77956439e-01 8.41999398e-01 -3.48230805e-02 9.99374381e-01 6.15064086e-03 5.92393523e-03 -9.77337090e-01 -3.53397352e-02 2.08719145e-01 3.92950346e-01
1.82364471e-01 3.15932130e-03 9.83226032e-01 8.83109325e-01 -3.64908480e-02 9.99327460e-01 3.55711061e-03 5.69060396e-03 -9.82553738e-01 -3.65274329e-02 1.82357386e-01 4.00829231e-01
1.53293967e-01 4.81146946e-03 9.88169035e-01 9.23502508e-01 -3.75556984e-02 9.99293914e-01 9.60358344e-04 5.37536097e-03 -9.87466837e-01 -3.72585870e-02 1.53366694e-01 4.07270256e-01
1.23562631e-01 6.76477991e-03 9.92313841e-01 9.62966486e-01 -3.80763159e-02 9.99272491e-01 -2.07096019e-03 4.94865575e-03 -9.91606119e-01 -3.75277519e-02 1.23730584e-01 4.12280203e-01
9.32480875e-02 9.20750557e-03 9.95600461e-01 1.00038796e+00 -3.80601748e-02 9.99259111e-01 -5.67661392e-03 4.43888494e-03 -9.94915316e-01 -3.73633820e-02 9.35297039e-02 4.15791965e-01
6.34269689e-02 1.24271902e-02 9.97909265e-01 1.03856173e+00 -3.84349757e-02 9.99210903e-01 -1.00004717e-02 3.73511866e-03 -9.97246252e-01 -3.77203064e-02 6.38548111e-02 4.18292640e-01
3.22231086e-02 1.64849721e-02 9.99344897e-01 1.07621623e+00 -3.85619872e-02 9.99139855e-01 -1.52381816e-02 2.84247701e-03 -9.98736713e-01 -3.80456894e-02 3.28313314e-02 4.19532331e-01
2.40118481e-03 2.09679490e-02 9.99777415e-01 1.11372793e+00 -3.51137479e-02 9.99165174e-01 -2.08707699e-02 1.76706897e-03 -9.99380598e-01 -3.50558018e-02 3.13568560e-03 4.19325797e-01
-2.67627858e-02 2.62260352e-02 9.99297868e-01 1.15076579e+00 -3.00110832e-02 9.99183909e-01 -2.70267831e-02 4.57369498e-04 -9.99191412e-01 -3.07133043e-02 -2.59536378e-02 4.17816899e-01
-5.48222908e-02 3.11631073e-02 9.98009843e-01 1.18804523e+00 -2.58458207e-02 9.99133472e-01 -3.26179386e-02 -1.04215754e-03 -9.98161762e-01 -2.75825530e-02 -5.39691217e-02 4.15348343e-01
-8.24471643e-02 3.56400936e-02 9.95958070e-01 1.22513569e+00 -2.11727809e-02 9.99071938e-01 -3.75042357e-02 -2.71614490e-03 -9.96370723e-01 -2.41792970e-02 -8.16158280e-02 4.11889663e-01
-1.08900732e-01 4.00444442e-02 9.93245850e-01 1.26337513e+00 -1.44682503e-02 9.99018377e-01 -4.18634844e-02 -4.62146330e-03 -9.93947523e-01 -1.89294688e-02 -1.08214250e-01 4.07250736e-01
-1.30679819e-01 4.94566778e-02 9.90190407e-01 1.29719034e+00 -9.96388092e-03 9.98638863e-01 -5.11936178e-02 -6.42169458e-03 -9.91374769e-01 -1.65560845e-02 -1.30008955e-01 4.02390176e-01
-1.46620104e-01 6.43523704e-02 9.87097583e-01 1.31906149e+00 -4.90898140e-03 9.97821872e-01 -6.57806822e-02 -7.52066489e-03 -9.89180962e-01 -1.44903810e-02 -1.45984634e-01 3.98692371e-01
-1.55541098e-01 8.00693246e-02 9.84579179e-01 1.31427840e+00 -9.13781673e-04 9.96697347e-01 -8.11991604e-02 -6.49174634e-03 -9.87829280e-01 -1.35294599e-02 -1.54954020e-01 3.99178388e-01
-1.68284127e-01 9.62576275e-02 9.81027683e-01 1.31922476e+00 4.99983977e-03 9.95291245e-01 -9.67994824e-02 -6.41696802e-03 -9.85726157e-01 -1.13847935e-02 -1.67972781e-01 3.97677089e-01
-1.87010270e-01 1.07906622e-01 9.76413726e-01 1.34244438e+00 1.08939905e-02 9.94115363e-01 -1.07776385e-01 -8.71434121e-03 -9.82297883e-01 -9.51820377e-03 -1.87085115e-01 3.92481143e-01
-2.08258976e-01 1.12792287e-01 9.71548514e-01 1.37849357e+00 1.59698259e-02 9.93587882e-01 -1.11927702e-01 -1.29508255e-02 -9.77943690e-01 -7.79444094e-03 -2.08724672e-01 3.84479382e-01
-2.28476965e-01 1.12365526e-01 9.67043275e-01 1.42083409e+00 2.07364162e-02 9.93653180e-01 -1.10558206e-01 -1.80905771e-02 -9.73328801e-01 -5.20694429e-03 -2.29356730e-01 3.74508609e-01
-2.46826968e-01 1.07419417e-01 9.63087709e-01 1.46214899e+00 2.44708720e-02 9.94211123e-01 -1.04619243e-01 -2.30573084e-02 -9.68750875e-01 -2.25520794e-03 -2.48026581e-01 3.63807193e-01
-2.63865880e-01 1.04538469e-01 9.58877972e-01 1.50373166e+00 3.15203674e-02 9.94513093e-01 -9.97496312e-02 -2.77970568e-02 -9.64044549e-01 3.90370847e-03 -2.65712986e-01 3.51933417e-01
-2.78158039e-01 1.05152280e-01 9.54762546e-01 1.54675853e+00 3.47414886e-02 9.94440710e-01 -9.94007140e-02 -3.26433256e-02 -9.59907157e-01 5.52081157e-03 -2.80264647e-01 3.39551921e-01
-2.88998727e-01 1.09382548e-01 9.51060289e-01 1.58614508e+00 3.88906095e-02 9.93972377e-01 -1.02500221e-01 -3.71302892e-02 -9.56539571e-01 7.36492885e-03 -2.91510521e-01 3.27334002e-01
-2.98344337e-01 1.12572671e-01 9.47796711e-01 1.62580938e+00 4.03240859e-02 9.93620235e-01 -1.05322177e-01 -4.17918902e-02 -9.53606540e-01 6.79680900e-03 -3.00980157e-01 3.14841498e-01
-3.08258938e-01 1.14515585e-01 9.44385054e-01 1.66345005e+00 3.74920244e-02 9.93419312e-01 -1.08223583e-01 -4.63808883e-02 -9.50563792e-01 2.04606928e-03 -3.10523611e-01 3.02946966e-01
-3.19173758e-01 1.13821466e-01 9.40836513e-01 1.70621524e+00 3.81939899e-02 9.93499716e-01 -1.07235499e-01 -5.16902898e-02 -9.46926622e-01 1.70759150e-03 -3.21446161e-01 2.88611242e-01
-3.27011063e-01 1.15342282e-01 9.37955523e-01 1.74821762e+00 4.12270018e-02 9.93319902e-01 -1.07777069e-01 -5.68359337e-02 -9.44121212e-01 3.42484875e-03 -3.29581633e-01 2.73809090e-01
-3.33133337e-01 1.18352833e-01 9.35422558e-01 1.79060224e+00 4.49594538e-02 9.92956126e-01 -1.09620701e-01 -6.20423443e-02 -9.41807608e-01 5.53782649e-03 -3.36107690e-01 2.58406363e-01
-3.35434841e-01 1.21471838e-01 9.34199457e-01 1.83421347e+00 4.68187961e-02 9.92576231e-01 -1.12251609e-01 -6.75022048e-02 -9.40899659e-01 6.08504358e-03 -3.38631632e-01 2.42587672e-01
-3.34405420e-01 1.24055299e-01 9.34229023e-01 1.87842296e+00 4.75560109e-02 9.92256820e-01 -1.14738157e-01 -7.31546409e-02 -9.41229037e-01 6.05919528e-03 -3.37715456e-01 2.26660327e-01
-3.30240988e-01 1.24017191e-01 9.35714272e-01 1.92189522e+00 4.98371130e-02 9.92239146e-01 -1.13919865e-01 -7.87243005e-02 -9.42580371e-01 9.01234021e-03 -3.33858531e-01 2.11053489e-01
-3.23800185e-01 1.23334353e-01 9.38052575e-01 1.96694653e+00 4.84309308e-02 9.92327908e-01 -1.13752867e-01 -8.45204975e-02 -9.44885426e-01 8.59761107e-03 -3.27289002e-01 1.95731408e-01
-3.15755379e-01 1.22461188e-01 9.40905063e-01 2.01161780e+00 4.64979355e-02 9.92441926e-01 -1.13564733e-01 -9.01734190e-02 -9.47700952e-01 7.89151875e-03 -3.19062898e-01 1.81019158e-01
-3.06916453e-01 1.22293870e-01 9.43846912e-01 2.05631658e+00 4.47699266e-02 9.92467425e-01 -1.14035475e-01 -9.58922519e-02 -9.50683202e-01 7.25664481e-03 -3.10079484e-01 1.66673802e-01
-2.99480681e-01 1.21318441e-01 9.46358062e-01 2.10175259e+00 4.23620364e-02 9.92595518e-01 -1.13840107e-01 -1.01743020e-01 -9.53161783e-01 5.99679318e-03 -3.02402288e-01 1.52650248e-01
-2.94619150e-01 1.19749155e-01 9.48082372e-01 2.15013110e+00 3.86182231e-02 9.92799037e-01 -1.13396424e-01 -1.07964606e-01 -9.54834476e-01 3.20454892e-03 -2.97121904e-01 1.38104206e-01
-2.92775660e-01 1.17917912e-01 9.48882671e-01 2.20205866e+00 3.52523513e-02 9.93023267e-01 -1.12526214e-01 -1.14690030e-01 -9.55531484e-01 5.05458682e-04 -2.94889717e-01 1.22577995e-01
-2.92813200e-01 1.16092683e-01 9.49096132e-01 2.25712329e+00 3.23820959e-02 9.93236558e-01 -1.11501428e-01 -1.21816251e-01 -9.55621546e-01 -1.91531825e-03 -2.94591903e-01 1.06118682e-01
-2.92827452e-01 1.15411515e-01 9.49174781e-01 2.31175279e+00 3.13286641e-02 9.93313805e-01 -1.11113300e-01 -1.28894533e-01 -9.55652275e-01 -2.80059708e-03 -2.94485050e-01 8.96538224e-02
-2.92399488e-01 1.14804023e-01 9.49380381e-01 2.36548193e+00 3.10657028e-02 9.93384098e-01 -1.10557251e-01 -1.35860226e-01 -9.55791871e-01 -2.83366525e-03 -2.94031293e-01 7.34009477e-02
-2.91836236e-01 1.14511853e-01 9.49588967e-01 2.42046572e+00 3.09885218e-02 9.93418054e-01 -1.10273563e-01 -1.43015966e-01 -9.55966509e-01 -2.75541367e-03 -2.93463763e-01 5.67814157e-02
-2.91263204e-01 1.13785123e-01 9.49852235e-01 2.47466038e+00 3.12340587e-02 9.93502924e-01 -1.09436509e-01 -1.50040254e-01 -9.56133297e-01 -2.20703832e-03 -2.92924633e-01 4.04272599e-02
-2.90755151e-01 1.13828246e-01 9.50002711e-01 2.52775588e+00 3.16657247e-02 9.93498957e-01 -1.09348388e-01 -1.56886564e-01 -9.56273726e-01 -1.71103318e-03 -2.92469210e-01 2.43201454e-02
-2.90391370e-01 1.12910517e-01 9.50223494e-01 2.58168862e+00 3.09447108e-02 9.93602876e-01 -1.08608272e-01 -1.63836059e-01 -9.56407882e-01 -2.13446431e-03 -2.92027494e-01 8.11732460e-03
-2.89753588e-01 1.12687522e-01 9.50444614e-01 2.63390847e+00 3.10987460e-02 9.93628786e-01 -1.08326759e-01 -1.70613838e-01 -9.56596246e-01 -1.83038239e-03 -2.91411771e-01 -7.60753157e-03
-2.88619275e-01 1.12469971e-01 9.50815420e-01 2.68728681e+00 3.04235918e-02 9.93652356e-01 -1.08302000e-01 -1.77564463e-01 -9.56960753e-01 -2.33077552e-03 -2.90208805e-01 -2.35480144e-02
-2.87094479e-01 1.11206200e-01 9.51425486e-01 2.74216413e+00 2.95138075e-02 9.93793574e-01 -1.07252496e-01 -1.84604106e-01 -9.57447757e-01 -2.71136185e-03 -2.88594626e-01 -3.97676746e-02
-2.85253798e-01 1.09271996e-01 9.52202942e-01 2.79639944e+00 2.91014978e-02 9.94009053e-01 -1.05351537e-01 -1.91440542e-01 -9.58010347e-01 -2.34134585e-03 -2.86724707e-01 -5.57851132e-02
-2.83080951e-01 1.08061900e-01 9.52989157e-01 2.85251408e+00 2.88123661e-02 9.94142003e-01 -1.04169755e-01 -1.98288596e-01 -9.58663386e-01 -2.03055261e-03 -2.84536054e-01 -7.22001727e-02
-2.80704737e-01 1.08099123e-01 9.53687588e-01 2.90719294e+00 2.86762754e-02 9.94138180e-01 -1.04243689e-01 -2.04876578e-01 -9.59365950e-01 -1.91344103e-03 -2.82159052e-01 -8.81004925e-02
-2.78532388e-01 1.08655494e-01 9.54261141e-01 2.96117189e+00 2.85504442e-02 9.94077453e-01 -1.04855749e-01 -2.11460293e-01 -9.60002640e-01 -1.96109423e-03 -2.79984808e-01 -1.03674157e-01
-2.77337744e-01 1.09719230e-01 9.54487343e-01 3.01557114e+00 2.90274633e-02 9.93961159e-01 -1.05822524e-01 -2.18095740e-01 -9.60334158e-01 -1.64218505e-03 -2.78847697e-01 -1.19328649e-01
-2.77460960e-01 1.12022572e-01 9.54183891e-01 3.07085211e+00 2.94266462e-02 9.93703668e-01 -1.08105487e-01 -2.24928125e-01 -9.60286386e-01 -1.91657139e-03 -2.79010311e-01 -1.35253494e-01
-2.79176357e-01 1.15028343e-01 9.53325517e-01 3.12545528e+00 2.96336116e-02 9.93358140e-01 -1.11180653e-01 -2.31849967e-01 -9.59782707e-01 -2.78848237e-03 -2.80730701e-01 -1.51128510e-01
-2.82622288e-01 1.16601251e-01 9.52118274e-01 3.17890354e+00 2.88635520e-02 9.93168536e-01 -1.13060773e-01 -2.38726854e-01 -9.58797104e-01 -4.47192994e-03 -2.84056994e-01 -1.66675714e-01
-2.87238440e-01 1.15600923e-01 9.50858002e-01 3.23660079e+00 2.97429136e-02 9.93288169e-01 -1.11774567e-01 -2.46110505e-01 -9.57397423e-01 -3.82461571e-03 -2.88748755e-01 -1.83804772e-01
-2.91845783e-01 1.13696381e-01 9.49683973e-01 3.29600793e+00 3.08555214e-02 9.93511846e-01 -1.09461326e-01 -2.53626422e-01 -9.55967789e-01 -2.64278338e-03 -2.93460298e-01 -2.01827254e-01
-2.96037161e-01 1.13202005e-01 9.48444971e-01 3.35495466e+00 3.04391218e-02 9.93565961e-01 -1.09086524e-01 -2.61100031e-01 -9.54691552e-01 -3.42378374e-03 -2.97578100e-01 -2.19871207e-01
-3.00150047e-01 1.16968255e-01 9.46693711e-01 3.41038875e+00 3.29936746e-02 9.93132460e-01 -1.12245329e-01 -2.68186406e-01 -9.53321531e-01 -2.45548672e-03 -3.01947856e-01 -2.37500105e-01
-3.04453678e-01 1.19350934e-01 9.45020611e-01 3.46349031e+00 3.41877731e-02 9.92848829e-01 -1.14377258e-01 -2.75149207e-01 -9.51913723e-01 -2.51437663e-03 -3.06356704e-01 -2.54535422e-01
-3.08896285e-01 1.21711942e-01 9.43276192e-01 3.51236296e+00 3.41375473e-02 9.92557677e-01 -1.16891730e-01 -2.81742808e-01 -9.50483207e-01 -3.90623506e-03 -3.10752206e-01 -2.70404165e-01
-3.11970944e-01 1.22999099e-01 9.42096615e-01 3.56644707e+00 3.42993126e-02 9.92396140e-01 -1.18208129e-01 -2.89073540e-01 -9.49472638e-01 -4.56418455e-03 -3.13817441e-01 -2.88139088e-01
-3.14637224e-01 1.22737749e-01 9.41243595e-01 3.62155499e+00 3.53946091e-02 9.92432160e-01 -1.17581104e-01 -2.96502486e-01 -9.48552195e-01 -3.68039232e-03 -3.16600243e-01 -3.06494676e-01
-3.14988566e-01 1.15655027e-01 9.42022708e-01 3.67568540e+00 3.83460300e-02 9.93287732e-01 -1.09127091e-01 -3.03738476e-01 -9.48320866e-01 1.74909512e-03 -3.17309077e-01 -3.24650566e-01
-3.15089179e-01 1.07411295e-01 9.42964595e-01 3.73295183e+00 4.05751957e-02 9.94190889e-01 -9.96883249e-02 -3.10908171e-01 -9.48194681e-01 6.85030974e-03 -3.17616904e-01 -3.43747803e-01
-3.15961956e-01 1.06660790e-01 9.42757743e-01 3.79006132e+00 4.21198646e-02 9.94257899e-01 -9.83710697e-02 -3.17504883e-01 -9.47836860e-01 8.62736223e-03 -3.18640069e-01 -3.62939360e-01
-3.16271933e-01 1.11960864e-01 9.42038974e-01 3.84166743e+00 4.27785790e-02 9.93684236e-01 -1.03736801e-01 -3.23538184e-01 -9.47703931e-01 7.49010069e-03 -3.19063830e-01 -3.80373789e-01
-3.16336985e-01 1.18662498e-01 9.41196420e-01 3.89214481e+00 4.52030859e-02 9.92904211e-01 -1.09988856e-01 -3.29744363e-01 -9.47569637e-01 7.75149133e-03 -3.19456121e-01 -3.97636686e-01
-3.16029136e-01 1.21301734e-01 9.40963400e-01 3.94437981e+00 4.97063197e-02 9.92547620e-01 -1.11257392e-01 -3.36425192e-01 -9.47446888e-01 1.16113017e-02 -3.19703296e-01 -4.15574130e-01
-3.15772598e-01 1.22302169e-01 9.40920003e-01 3.99618331e+00 5.31840861e-02 9.92380224e-01 -1.11142501e-01 -3.43073816e-01 -9.47343573e-01 1.49462670e-02 -3.19870871e-01 -4.33309578e-01
-3.15469087e-01 1.19851803e-01 9.41337028e-01 4.05082391e+00 5.32436473e-02 9.92664651e-01 -1.08543434e-01 -3.50035789e-01 -9.47441348e-01 1.58781710e-02 -3.19536222e-01 -4.51639597e-01
-3.14892506e-01 1.15905457e-01 9.42024052e-01 4.10570570e+00 5.36160523e-02 9.93102863e-01 -1.04267803e-01 -3.56845399e-01 -9.47612190e-01 1.76745119e-02 -3.18934889e-01 -4.70051351e-01
-3.14245524e-01 1.10513911e-01 9.42887629e-01 4.16150737e+00 5.25888820e-02 9.93702422e-01 -9.89430098e-02 -3.63561605e-01 -9.47884485e-01 1.84930587e-02 -3.18078173e-01 -4.88521384e-01
-3.13746475e-01 1.08336318e-01 9.43306426e-01 4.21744625e+00 4.85002722e-02 9.94001103e-01 -9.80271593e-02 -3.70093138e-01 -9.48267707e-01 1.49949930e-02 -3.17118524e-01 -5.06675734e-01
-3.12478433e-01 1.05893533e-01 9.44004419e-01 4.27225901e+00 4.48552071e-02 9.94303339e-01 -9.66881365e-02 -3.76422587e-01 -9.48865585e-01 1.21306060e-02 -3.15448086e-01 -5.24418267e-01
-3.10540408e-01 1.06389567e-01 9.44587956e-01 4.32731680e+00 4.84106617e-02 9.94197286e-01 -9.60617451e-02 -3.82601590e-01 -9.49326962e-01 1.58971256e-02 -3.13888679e-01 -5.42946640e-01
-3.07877730e-01 1.09086590e-01 9.45151767e-01 4.38063315e+00 5.21113596e-02 9.93847325e-01 -9.77319294e-02 -3.88578030e-01 -9.49998058e-01 1.91637114e-02 -3.11667972e-01 -5.60818083e-01
-3.03127634e-01 1.11849113e-01 9.46363492e-01 4.43329647e+00 5.43847966e-02 9.93499736e-01 -1.00000227e-01 -3.94611919e-01 -9.51397143e-01 2.11550054e-02 -3.07240003e-01 -5.78107668e-01
-2.95987889e-01 1.12804040e-01 9.48507739e-01 4.48695710e+00 5.77690144e-02 9.93298281e-01 -1.00103738e-01 -4.00802406e-01 -9.53443507e-01 2.51649149e-02 -3.00520731e-01 -5.95369288e-01
-2.88674064e-01 1.14211541e-01 9.50591115e-01 4.54004454e+00 6.21663574e-02 9.92999994e-01 -1.00428331e-01 -4.06985987e-01 -9.55407349e-01 3.01037872e-02 -2.93753345e-01 -6.12078210e-01
-2.78564498e-01 1.13640211e-01 9.53670920e-01 4.59403596e+00 6.05158779e-02 9.93078571e-01 -1.00659578e-01 -4.13389322e-01 -9.58509379e-01 2.96721028e-02 -2.83513348e-01 -6.27939069e-01
-2.67999210e-01 1.11636879e-01 9.56929552e-01 4.65012025e+00 5.84681218e-02 9.93317320e-01 -9.95072984e-02 -4.20090729e-01 -9.61643637e-01 2.92820492e-02 -2.72735340e-01 -6.43783854e-01
-2.57953650e-01 1.08090958e-01 9.60092024e-01 4.70786598e+00 5.75368825e-02 9.93676729e-01 -9.64133163e-02 -4.26813442e-01 -9.64442812e-01 3.03705892e-02 -2.62541641e-01 -6.59411449e-01
-2.47136833e-01 1.07223218e-01 9.63030141e-01 4.76758014e+00 5.59787693e-02 9.93778529e-01 -9.62812604e-02 -4.33575475e-01 -9.67362574e-01 3.01146485e-02 -2.51601379e-01 -6.74900533e-01
-2.35471646e-01 1.06029259e-01 9.66080476e-01 4.82559510e+00 5.59488614e-02 9.93861289e-01 -9.54413684e-02 -4.40106739e-01 -9.70269799e-01 3.15774180e-02 -2.39958232e-01 -6.89357287e-01
-2.23072747e-01 1.06498959e-01 9.68967041e-01 4.88372870e+00 5.63400929e-02 9.93760854e-01 -9.62536308e-02 -4.46580542e-01 -9.73172669e-01 3.31201822e-02 -2.27680978e-01 -7.03259660e-01
-2.10687868e-01 1.09828387e-01 9.71364507e-01 4.93772903e+00 5.49276397e-02 9.93428663e-01 -1.00409397e-01 -4.52789223e-01 -9.76009365e-01 3.21997681e-02 -2.15335837e-01 -7.15377239e-01
-2.00198878e-01 1.16871842e-01 9.72759985e-01 4.98517714e+00 5.42053988e-02 9.92660154e-01 -1.08107044e-01 -4.58417938e-01 -9.78254985e-01 3.10859864e-02 -2.05064396e-01 -7.25543660e-01
-1.87540493e-01 1.20104229e-01 9.74886700e-01 5.03921687e+00 5.25108220e-02 9.92302836e-01 -1.12148313e-01 -4.65348044e-01 -9.80852600e-01 3.01598059e-02 -1.92403584e-01 -7.36289011e-01
-1.76272218e-01 1.17378106e-01 9.77318299e-01 5.09588376e+00 5.08001611e-02 9.92626280e-01 -1.10054197e-01 -4.72710317e-01 -9.83030028e-01 3.02484827e-02 -1.80935120e-01 -7.46689474e-01
-1.65347884e-01 1.14554910e-01 9.79560028e-01 5.15267761e+00 4.89169214e-02 9.92961114e-01 -1.07865069e-01 -4.79986463e-01 -9.85021776e-01 3.00818505e-02 -1.69787539e-01 -7.56376599e-01
-1.55069759e-01 1.15756950e-01 9.81098529e-01 5.20882145e+00 4.68218284e-02 9.92856281e-01 -1.09743729e-01 -4.87116210e-01 -9.86793722e-01 2.89189430e-02 -1.59381771e-01 -7.65486231e-01
-1.48561550e-01 1.20623936e-01 9.81519210e-01 5.26458320e+00 4.45837834e-02 9.92340394e-01 -1.15205711e-01 -4.94312680e-01 -9.87898054e-01 2.66447496e-02 -1.52801331e-01 -7.74269602e-01
-1.43759527e-01 1.25785582e-01 9.81586348e-01 5.31962280e+00 4.22141887e-02 9.91765497e-01 -1.20907509e-01 -5.01760673e-01 -9.88712274e-01 2.40553143e-02 -1.47885507e-01 -7.82593825e-01
-1.40040483e-01 1.28322124e-01 9.81795628e-01 5.37712524e+00 4.17009625e-02 9.91450751e-01 -1.23636013e-01 -5.09853988e-01 -9.89267664e-01 2.36278246e-02 -1.44194229e-01 -7.90904486e-01
-1.36841265e-01 1.28285419e-01 9.82251434e-01 5.43582556e+00 4.08858224e-02 9.91465106e-01 -1.23792855e-01 -5.18209509e-01 -9.89749256e-01 2.32202355e-02 -1.40918231e-01 -7.99187194e-01
-1.32145721e-01 1.28457921e-01 9.82871631e-01 5.49475666e+00 4.02875597e-02 9.91443460e-01 -1.24161690e-01 -5.26560264e-01 -9.90411650e-01 2.31901112e-02 -1.36190101e-01 -8.07267254e-01
-1.27344276e-01 1.24843445e-01 9.83970590e-01 5.55099051e+00 3.93941208e-02 9.91900507e-01 -1.20751293e-01 -5.34462497e-01 -9.91076372e-01 2.33857174e-02 -1.31230777e-01 -8.14589182e-01
-1.22762822e-01 1.21510886e-01 9.84969502e-01 5.60893895e+00 3.94261817e-02 9.92289611e-01 -1.17500063e-01 -5.42406148e-01 -9.91653022e-01 2.44089942e-02 -1.26606805e-01 -8.21910573e-01
-1.17791286e-01 1.19116256e-01 9.85868692e-01 5.66988260e+00 3.86960202e-02 9.92576002e-01 -1.15303331e-01 -5.50475460e-01 -9.92284567e-01 2.45675136e-02 -1.21525951e-01 -8.29095218e-01
-1.13017725e-01 1.18633678e-01 9.86485495e-01 5.72952303e+00 3.49720194e-02 9.92705834e-01 -1.15375192e-01 -5.58361844e-01 -9.92977763e-01 2.14599917e-02 -1.16342034e-01 -8.35664176e-01
-1.07025901e-01 1.19666173e-01 9.87028920e-01 5.78850170e+00 3.10926344e-02 9.92647651e-01 -1.16975988e-01 -5.66131963e-01 -9.93770410e-01 1.81699119e-02 -1.09959555e-01 -8.41786187e-01
-1.01469850e-01 1.23325670e-01 9.87165259e-01 5.84610937e+00 3.19378471e-02 9.92178586e-01 -1.20669178e-01 -5.73771523e-01 -9.94326314e-01 1.92836933e-02 -1.04614774e-01 -8.47943727e-01
-9.52948451e-02 1.26152158e-01 9.87423488e-01 5.90223584e+00 3.37107760e-02 9.91777156e-01 -1.23455053e-01 -5.81351513e-01 -9.94878622e-01 2.15222275e-02 -9.87637372e-02 -8.53680241e-01
-8.94617557e-02 1.24060450e-01 9.88233877e-01 5.96202438e+00 3.34176393e-02 9.92027098e-01 -1.21511492e-01 -5.89492469e-01 -9.95430001e-01 2.21538576e-02 -9.28940853e-02 -8.59154541e-01
-8.33008837e-02 1.19365304e-01 9.89350059e-01 6.02228082e+00 3.23795525e-02 9.92600036e-01 -1.17031184e-01 -5.97593296e-01 -9.95998824e-01 2.22859542e-02 -8.65492411e-02 -8.64077138e-01
-7.74746118e-02 1.17059218e-01 9.90098728e-01 6.08145133e+00 3.22134132e-02 9.92858437e-01 -1.14864876e-01 -6.05314459e-01 -9.96474346e-01 2.29953898e-02 -8.06919844e-02 -8.68824212e-01
-7.21400263e-02 1.20304329e-01 9.90112789e-01 6.13366072e+00 3.16168892e-02 9.92475629e-01 -1.18287862e-01 -6.12165583e-01 -9.96893829e-01 2.27710400e-02 -7.54006496e-02 -8.73081430e-01
-6.68708880e-02 1.22762794e-01 9.90180881e-01 6.18828448e+00 3.11858354e-02 9.92173961e-01 -1.20903847e-01 -6.19520906e-01 -9.97274667e-01 2.27947151e-02 -7.01757978e-02 -8.77112058e-01
-6.10983832e-02 1.23561904e-01 9.90454486e-01 6.24449931e+00 2.91776882e-02 9.92104828e-01 -1.21967954e-01 -6.27205440e-01 -9.97705714e-01 2.14471714e-02 -6.42210323e-02 -8.80597104e-01
-5.55698246e-02 1.23024079e-01 9.90846922e-01 6.29984523e+00 2.82206335e-02 9.92176877e-01 -1.21606548e-01 -6.34798465e-01 -9.98056420e-01 2.12047184e-02 -5.86066880e-02 -8.83643648e-01
-4.96794212e-02 1.22213556e-01 9.91259968e-01 6.35155900e+00 2.90668975e-02 9.92241483e-01 -1.20877850e-01 -6.41840443e-01 -9.98342629e-01 2.28077570e-02 -5.28461262e-02 -8.86345599e-01
-4.41901745e-02 1.22834516e-01 9.91443117e-01 6.40615230e+00 2.86221587e-02 9.92160290e-01 -1.21647688e-01 -6.49248213e-01 -9.98613503e-01 2.30016556e-02 -4.73593004e-02 -8.88776171e-01
-3.93838860e-02 1.23229881e-01 9.91596614e-01 6.46199875e+00 2.83622847e-02 9.92103995e-01 -1.22166506e-01 -6.56851388e-01 -9.98822031e-01 2.33125993e-02 -4.25677637e-02 -8.90973807e-01
-3.41031073e-02 1.23068054e-01 9.91812353e-01 6.51743061e+00 2.41068563e-02 9.92201586e-01 -1.22287503e-01 -6.64392459e-01 -9.99127980e-01 1.97391384e-02 -3.68037122e-02 -8.92515154e-01
-2.97745965e-02 1.22160271e-01 9.92063938e-01 6.57433119e+00 2.12773626e-02 9.92355991e-01 -1.21557692e-01 -6.72106207e-01 -9.99330610e-01 1.74892160e-02 -3.21460146e-02 -8.93892350e-01
-2.64882083e-02 1.21986338e-01 9.92178505e-01 6.63079407e+00 2.25686875e-02 9.92346210e-01 -1.21404489e-01 -6.79633386e-01 -9.99394813e-01 1.91764229e-02 -2.90383092e-02 -8.95432150e-01
-2.34408355e-02 1.22247231e-01 9.92223038e-01 6.68859657e+00 2.30198401e-02 9.92298085e-01 -1.21712686e-01 -6.87369407e-01 -9.99460664e-01 1.99878129e-02 -2.60741695e-02 -8.96831764e-01
-2.00984376e-02 1.23403775e-01 9.92153180e-01 6.74606225e+00 2.31840812e-02 9.92143825e-01 -1.22932998e-01 -6.95131977e-01 -9.99529667e-01 2.05314441e-02 -2.28013026e-02 -8.97966807e-01
-1.55764787e-02 1.21553310e-01 9.92462840e-01 6.80290102e+00 2.73826350e-02 9.92262322e-01 -1.21099028e-01 -7.02677664e-01 -9.99504136e-01 2.52899992e-02 -1.87841599e-02 -8.99227885e-01
-1.13723980e-02 1.19155809e-01 9.92810586e-01 6.86064871e+00 3.29610261e-02 9.92379413e-01 -1.18726535e-01 -7.10225851e-01 -9.99392386e-01 3.13739030e-02 -1.52129860e-02 -9.00492910e-01
-8.11293700e-03 1.18421978e-01 9.92930393e-01 6.92140384e+00 3.37525127e-02 9.92429223e-01 -1.18086455e-01 -7.18079572e-01 -9.99397780e-01 3.25559204e-02 -1.20483067e-02 -9.01095474e-01
-5.44238778e-03 1.20591199e-01 9.92687465e-01 6.98012521e+00 3.20515173e-02 9.92212719e-01 -1.20357828e-01 -7.25697958e-01 -9.99471879e-01 3.11621592e-02 -9.26488684e-03 -9.01318530e-01
-3.31769609e-03 1.22867512e-01 9.92417639e-01 7.04011799e+00 3.05317062e-02 9.91972437e-01 -1.22710347e-01 -7.33648236e-01 -9.99528754e-01 2.98931422e-02 -7.04216612e-03 -9.01446570e-01
-2.02079955e-03 1.22811447e-01 9.92428038e-01 7.09916787e+00 2.92646290e-02 9.92011851e-01 -1.22700372e-01 -7.41602850e-01 -9.99570083e-01 2.87951403e-02 -5.59843590e-03 -9.01462343e-01
-1.25370419e-03 1.22093006e-01 9.92517899e-01 7.15806352e+00 2.89395568e-02 9.92106985e-01 -1.22005922e-01 -7.49515412e-01 -9.99580754e-01 2.85701246e-02 -4.77687326e-03 -9.01513710e-01
-8.14840057e-05 1.18039628e-01 9.93008934e-01 7.21812188e+00 3.06789502e-02 9.92541356e-01 -1.17981557e-01 -7.57516084e-01 -9.99529668e-01 3.04549129e-02 -3.70195445e-03 -9.01678127e-01
1.03822710e-03 1.13667037e-01 9.93518425e-01 7.27763737e+00 3.12354788e-02 9.93030050e-01 -1.13643827e-01 -7.65219686e-01 -9.99511888e-01 3.11510669e-02 -2.51919900e-03 -9.01668626e-01
1.79230256e-03 1.12436666e-01 9.93657366e-01 7.33951542e+00 3.19147180e-02 9.93145911e-01 -1.12436383e-01 -7.72955085e-01 -9.99489383e-01 3.19138692e-02 -1.80811137e-03 -9.01715011e-01
2.67079212e-03 1.16744595e-01 9.93158504e-01 7.39611671e+00 3.17540957e-02 9.92650837e-01 -1.16770341e-01 -7.80125481e-01 -9.99492556e-01 3.18487737e-02 -1.05569946e-03 -9.01719969e-01
2.89585385e-03 1.20069049e-01 9.92761420e-01 7.45412539e+00 3.19408142e-02 9.92247459e-01 -1.20100088e-01 -7.87703646e-01 -9.99485937e-01 3.20574569e-02 -9.61444131e-04 -9.01629027e-01
3.08759878e-03 1.19987458e-01 9.92770694e-01 7.51295685e+00 3.04217411e-02 9.92304218e-01 -1.20025714e-01 -7.95563362e-01 -9.99532772e-01 3.05724605e-02 -5.86134372e-04 -9.01242032e-01
3.56278920e-03 1.19788440e-01 9.92793137e-01 7.57350875e+00 2.96847321e-02 9.92348808e-01 -1.19841379e-01 -8.03586952e-01 -9.99553383e-01 2.98978222e-02 -2.01020037e-05 -9.01014774e-01
4.23985953e-03 1.19837996e-01 9.92784519e-01 7.63268857e+00 3.16855847e-02 9.92278379e-01 -1.19912246e-01 -8.11413500e-01 -9.99489346e-01 3.19654233e-02 4.10240422e-04 -9.01020971e-01
5.18498793e-03 1.22160911e-01 9.92496875e-01 7.69207194e+00 3.12869116e-02 9.92004067e-01 -1.22263723e-01 -8.19344425e-01 -9.99497459e-01 3.16861532e-02 1.32174845e-03 -9.00669364e-01
5.99075602e-03 1.24451064e-01 9.92207771e-01 7.74908052e+00 2.85206233e-02 9.91800243e-01 -1.24572168e-01 -8.27189425e-01 -9.99575734e-01 2.90447193e-02 2.39246895e-03 -9.00091226e-01
7.59485958e-03 1.26731109e-01 9.91908141e-01 7.80544106e+00 2.71769812e-02 9.91543779e-01 -1.26892660e-01 -8.35073234e-01 -9.99602282e-01 2.79208544e-02 4.08672546e-03 -8.99578436e-01
8.71797209e-03 1.29791598e-01 9.91503097e-01 7.86035822e+00 2.75264674e-02 9.91133448e-01 -1.29985262e-01 -8.42972752e-01 -9.99583578e-01 2.84258389e-02 5.06822879e-03 -8.99077317e-01
9.88757722e-03 1.30758593e-01 9.91365073e-01 7.91370649e+00 2.77555118e-02 9.90995199e-01 -1.30986661e-01 -8.50840562e-01 -9.99566364e-01 2.88110386e-02 6.16953010e-03 -8.98480950e-01
1.14554866e-02 1.31952323e-01 9.91190042e-01 7.96996621e+00 2.65716803e-02 9.90864386e-01 -1.32216101e-01 -8.59218322e-01 -9.99581832e-01 2.78522356e-02 7.84490002e-03 -8.97652971e-01
1.31843664e-02 1.30887234e-01 9.91309727e-01 8.01870860e+00 2.77898592e-02 9.90964492e-01 -1.31211289e-01 -8.66525123e-01 -9.99527364e-01 2.92783479e-02 9.42816387e-03 -8.97076641e-01
1.51761929e-02 1.27969461e-01 9.91662159e-01 8.06691685e+00 2.75450463e-02 9.91345971e-01 -1.28350240e-01 -8.73678576e-01 -9.99505894e-01 2.92632990e-02 1.15201974e-02 -8.96255724e-01
1.70638461e-02 1.24004255e-01 9.92135134e-01 8.11375749e+00 2.74169518e-02 9.91847949e-01 -1.24439948e-01 -8.80482629e-01 -9.99478969e-01 2.93247949e-02 1.35251881e-02 -8.95448662e-01
1.94718396e-02 1.24046299e-01 9.92085541e-01 8.16178733e+00 2.86561073e-02 9.91796287e-01 -1.24572606e-01 -8.87273522e-01 -9.99400219e-01 3.08550180e-02 1.57576811e-02 -8.94826200e-01
2.40520294e-02 1.29373850e-01 9.91304304e-01 8.21161647e+00 2.85409424e-02 9.91097656e-01 -1.30039399e-01 -8.94339424e-01 -9.99303766e-01 3.14205241e-02 2.01457277e-02 -8.93840469e-01
3.01833683e-02 1.32246236e-01 9.90757422e-01 8.26432267e+00 2.80554059e-02 9.90705947e-01 -1.33094104e-01 -9.02143404e-01 -9.99151146e-01 3.18133831e-02 2.61928939e-02 -8.92636056e-01
3.84138206e-02 1.33249777e-01 9.90337929e-01 8.31280333e+00 2.66369268e-02 9.90580226e-01 -1.34315618e-01 -9.09405540e-01 -9.98907427e-01 3.15391876e-02 3.45028851e-02 -8.91139884e-01
4.73070721e-02 1.29654253e-01 9.90430268e-01 8.36444502e+00 2.46755754e-02 9.91085643e-01 -1.30918688e-01 -9.17138181e-01 -9.98576181e-01 3.06328667e-02 4.36863514e-02 -8.88781901e-01
5.81748580e-02 1.29314287e-01 9.89895897e-01 8.41148508e+00 2.47948293e-02 9.91081676e-01 -1.30926388e-01 -9.23973682e-01 -9.97999081e-01 3.21609740e-02 5.44500038e-02 -8.86503965e-01
6.95834141e-02 1.32068147e-01 9.88795475e-01 8.45833044e+00 2.39881910e-02 9.90689370e-01 -1.34009238e-01 -9.30893279e-01 -9.97288278e-01 3.30442875e-02 6.57677769e-02 -8.83760998e-01
8.24135326e-02 1.33240880e-01 9.87651366e-01 8.50615869e+00 2.17944835e-02 9.90544153e-01 -1.35449790e-01 -9.38109393e-01 -9.96360508e-01 3.26882990e-02 7.87306380e-02 -8.80133984e-01
9.48869701e-02 1.33942390e-01 9.86436116e-01 8.55666152e+00 2.01341688e-02 9.90445629e-01 -1.36423595e-01 -9.45777484e-01 -9.95285046e-01 3.28059448e-02 9.12838868e-02 -8.75627199e-01
1.07451118e-01 1.35828195e-01 9.84888469e-01 8.60632940e+00 1.88840120e-02 9.90165740e-01 -1.38616285e-01 -9.53371326e-01 -9.94031664e-01 3.34931712e-02 1.03829766e-01 -8.70610968e-01
1.19195438e-01 1.41919673e-01 9.82675691e-01 8.65135750e+00 1.65408286e-02 9.89309958e-01 -1.44884199e-01 -9.60456077e-01 -9.92733656e-01 3.35238589e-02 1.15574107e-01 -8.65326898e-01
1.27826240e-01 1.50312838e-01 9.80340135e-01 8.68599863e+00 1.28741296e-02 9.88113541e-01 -1.53183407e-01 -9.66055295e-01 -9.91713628e-01 3.22019401e-02 1.24372041e-01 -8.60869540e-01
1.38715594e-01 1.57181667e-01 9.77779179e-01 8.72629177e+00 1.00208239e-02 9.87050603e-01 -1.60093740e-01 -9.73013050e-01 -9.90282155e-01 3.20057100e-02 1.35344573e-01 -8.55258990e-01
1.50220738e-01 1.58185880e-01 9.75915547e-01 8.77331452e+00 6.42054448e-03 9.86939526e-01 -1.60961075e-01 -9.81430066e-01 -9.88632229e-01 3.04456587e-02 1.47243505e-01 -8.48031541e-01
1.58903045e-01 1.55439379e-01 9.74981330e-01 8.82221932e+00 2.96085162e-03 9.87448816e-01 -1.57909612e-01 -9.90213014e-01 -9.87290353e-01 2.79791498e-02 1.56448751e-01 -8.39955217e-01
1.67485495e-01 1.54235443e-01 9.73735186e-01 8.87122191e+00 2.49316118e-05 9.87685692e-01 -1.56449425e-01 -9.98858854e-01 -9.85875138e-01 2.62273418e-02 1.65419544e-01 -8.31424540e-01
1.73524760e-01 1.60588955e-01 9.71648328e-01 8.91398665e+00 -3.32188856e-03 9.86705210e-01 -1.62484233e-01 -1.00640908e+00 -9.84824490e-01 2.49673856e-02 1.71751619e-01 -8.23598561e-01
1.76830230e-01 1.67494433e-01 9.69884955e-01 8.95749221e+00 -5.52511851e-03 9.85566708e-01 -1.69195265e-01 -1.01433928e+00 -9.84226421e-01 2.45601648e-02 1.75203801e-01 -8.15579735e-01
1.79551628e-01 1.70042789e-01 9.68941029e-01 9.00765630e+00 -7.69734361e-03 9.85160138e-01 -1.71462774e-01 -1.02374371e+00 -9.83718945e-01 2.33282056e-02 1.78196381e-01 -8.06012931e-01
1.79169387e-01 1.65803261e-01 9.69746192e-01 9.05551245e+00 -7.80223696e-03 9.85904548e-01 -1.67124431e-01 -1.03275545e+00 -9.83787789e-01 2.23774480e-02 1.77937951e-01 -7.96896550e-01
1.78146009e-01 1.62217043e-01 9.70540954e-01 9.10628332e+00 -7.08220312e-03 9.86503418e-01 -1.63585082e-01 -1.04208825e+00 -9.83979038e-01 2.22685162e-02 1.76890911e-01 -7.87323641e-01
1.76415009e-01 1.59780518e-01 9.71261031e-01 9.16037641e+00 -5.19789665e-03 9.86874179e-01 -1.61404906e-01 -1.05177373e+00 -9.84302625e-01 2.34257888e-02 1.74930343e-01 -7.77436389e-01
1.74572649e-01 1.60075445e-01 9.71545332e-01 9.21286906e+00 -2.32517031e-03 9.86760605e-01 -1.62164584e-01 -1.06108784e+00 -9.84642045e-01 2.60505501e-02 1.72634012e-01 -7.68126190e-01
1.72417737e-01 1.60236125e-01 9.71903604e-01 9.26683195e+00 -4.05014895e-04 9.86691258e-01 -1.62602297e-01 -1.07071495e+00 -9.85024325e-01 2.76419443e-02 1.70188364e-01 -7.58565849e-01
1.69526268e-01 1.59467688e-01 9.72538453e-01 9.32201955e+00 -2.27603501e-04 9.86827953e-01 -1.61771078e-01 -1.08060214e+00 -9.85526161e-01 2.72031524e-02 1.67329941e-01 -7.48683047e-01
1.66178302e-01 1.60136446e-01 9.73006268e-01 9.37544708e+00 -3.19840520e-05 9.86726455e-01 -1.62389047e-01 -1.09007140e+00 -9.86096236e-01 2.69544739e-02 1.63978033e-01 -7.39297034e-01
1.62611886e-01 1.59050406e-01 9.73786635e-01 9.42751778e+00 6.05228340e-04 9.86905800e-01 -1.61294258e-01 -1.09931505e+00 -9.86690437e-01 2.68177849e-02 1.60386733e-01 -7.30429383e-01
1.58452644e-01 1.57416153e-01 9.74737402e-01 9.47897785e+00 2.15719795e-03 9.87151276e-01 -1.59771627e-01 -1.10836727e+00 -9.87364727e-01 2.74189964e-02 1.56077533e-01 -7.22023515e-01
